3.863345019531250000e+04
4.091620703125000000e+04
4.370690332031250000e+04
4.608808984375000000e+04
4.710219726562500000e+04
4.793363183593750000e+04
5.002629101562500000e+04
5.090161035156250000e+04
5.336681347656250000e+04
5.580217089843750000e+04
5.784562890625000000e+04
6.094280957031250000e+04
6.253595605468750000e+04
6.430607519531250000e+04
6.616245410156250000e+04
6.685622753906250000e+04
6.964964453125000000e+04
6.882473437500000000e+04
6.676757128906250000e+04
7.115192382812500000e+04
7.069488867187500000e+04
6.731435156250000000e+04
6.220618261718750000e+04
6.907664062500000000e+04
6.616962695312500000e+04
5.750973535156250000e+04
5.196568066406250000e+04
4.363379492187500000e+04
3.566095800781250000e+04
3.041233593750000000e+04
3.557894628906250000e+04
2.343599169921875000e+04
2.245593603515625000e+04
2.251960131835937500e+04
3.114323828125000000e+04
2.358767187500000000e+04
1.889503588867187500e+04
1.588962695312500000e+04
1.388807470703125000e+04
1.225292114257812500e+04
1.091190429687500000e+04
8.963762695312500000e+03
8.136259033203125000e+03
6.824919067382812500e+03
5.917543579101562500e+03
5.613037109375000000e+03
5.064953735351562500e+03
4.657423583984375000e+03
4.214662963867187500e+03
3.893217468261718750e+03
3.653307556152343750e+03
3.541991821289062500e+03
3.453763244628906250e+03
3.355053161621093750e+03
3.269869506835937500e+03
3.186537353515625000e+03
3.105939025878906250e+03
3.028301635742187500e+03
2.962883911132812500e+03
2.892545837402343750e+03
2.827702941894531250e+03
2.768857727050781250e+03
2.712617248535156250e+03
2.660888244628906250e+03
2.605108947753906250e+03
2.553726684570312500e+03
2.506650207519531250e+03
2.457514953613281250e+03
2.410624511718750000e+03
2.366684448242187500e+03
2.327878479003906250e+03
2.284903015136718750e+03
2.242248962402343750e+03
2.203463806152343750e+03
2.164065551757812500e+03
2.128015808105468750e+03
2.092412658691406250e+03
2.058756042480468750e+03
2.023985961914062500e+03
1.987687591552734375e+03
1.954878540039062500e+03
1.922987548828125000e+03
1.891774627685546875e+03
1.862617462158203125e+03
1.832710144042968750e+03
1.804615295410156250e+03
1.777355072021484375e+03
1.750207489013671875e+03
1.724225219726562500e+03
1.698432159423828125e+03
1.673938446044921875e+03
1.650227081298828125e+03
1.626096221923828125e+03
1.602410430908203125e+03
1.578020355224609375e+03
1.555877502441406250e+03
1.534334960937500000e+03
1.511715667724609375e+03
1.490728057861328125e+03
1.469574310302734375e+03
1.448549468994140625e+03
1.438687377929687500e+03
1.430386230468750000e+03
1.421844818115234375e+03
1.413673370361328125e+03
1.405539337158203125e+03
1.397478515625000000e+03
1.389890228271484375e+03
1.382393615722656250e+03
1.374602020263671875e+03
1.366705322265625000e+03
1.359891174316406250e+03
1.351610412597656250e+03
1.344106903076171875e+03
1.336581359863281250e+03
1.329024108886718750e+03
1.321009429931640625e+03
1.313979858398437500e+03
1.306339691162109375e+03
1.299323608398437500e+03
1.292062622070312500e+03
1.284773864746093750e+03
1.277794342041015625e+03
1.270442291259765625e+03
1.263257751464843750e+03
1.256129302978515625e+03
1.248957458496093750e+03
1.241455474853515625e+03
1.234444702148437500e+03
1.227573211669921875e+03
1.220623992919921875e+03
1.214023468017578125e+03
1.207202392578125000e+03
1.200295104980468750e+03
1.193527435302734375e+03
1.186574676513671875e+03
1.179411010742187500e+03
1.172891510009765625e+03
1.165916625976562500e+03
1.159317687988281250e+03
1.152943786621093750e+03
1.146205505371093750e+03
1.139682678222656250e+03
1.133086608886718750e+03
1.126863372802734375e+03
1.120298767089843750e+03
1.113625213623046875e+03
1.107384552001953125e+03
1.101170532226562500e+03
1.094723907470703125e+03
1.087803558349609375e+03
1.085357879638671875e+03
1.083292083740234375e+03
1.081144836425781250e+03
1.079232788085937500e+03
1.077115081787109375e+03
1.075286102294921875e+03
1.073261901855468750e+03
1.071264221191406250e+03
1.069297729492187500e+03
1.067260620117187500e+03
1.065271270751953125e+03
1.063276275634765625e+03
1.061156341552734375e+03
1.059228424072265625e+03
1.057155654907226562e+03
1.055242584228515625e+03
1.053036163330078125e+03
1.050980194091796875e+03
1.049034851074218750e+03
1.046932220458984375e+03
1.044797302246093750e+03
1.042728393554687500e+03
1.040655960083007812e+03
1.038590332031250000e+03
1.036457199096679688e+03
1.034371429443359375e+03
1.032289047241210938e+03
1.030182159423828125e+03
1.028126922607421875e+03
1.025929672241210938e+03
1.023720184326171875e+03
1.021454147338867188e+03
1.019309722900390625e+03
1.017252792358398438e+03
1.014973419189453125e+03
1.012981506347656250e+03
1.011015213012695312e+03
1.008576538085937500e+03
1.006584457397460938e+03
1.004423843383789062e+03
1.002191406250000000e+03
9.999374389648437500e+02
9.975442657470703125e+02
9.954336700439453125e+02
9.930869293212890625e+02
9.910479888916015625e+02
9.886925964355468750e+02
9.864353485107421875e+02
9.843055419921875000e+02
9.818749694824218750e+02
9.814767456054687500e+02
9.813321228027343750e+02
9.810816955566406250e+02
9.809934844970703125e+02
9.808575744628906250e+02
9.807691192626953125e+02
9.806001129150390625e+02
9.805335998535156250e+02
9.805282440185546875e+02
9.805013580322265625e+02
9.801309204101562500e+02
9.800481872558593750e+02
9.798560180664062500e+02
9.797364044189453125e+02
9.795687713623046875e+02
9.794210815429687500e+02
9.791607513427734375e+02
9.790274353027343750e+02
9.787987976074218750e+02
9.786496734619140625e+02
9.784177246093750000e+02
9.783046569824218750e+02
9.780441284179687500e+02
9.779120483398437500e+02
9.776367492675781250e+02
9.773908996582031250e+02
9.771519470214843750e+02
9.769489898681640625e+02
9.767179718017578125e+02
9.764553375244140625e+02
9.761729583740234375e+02
9.760027618408203125e+02
9.757355499267578125e+02
9.755030670166015625e+02
9.753052215576171875e+02
9.749973449707031250e+02
9.746550140380859375e+02
9.743026580810546875e+02
9.740266571044921875e+02
9.736487274169921875e+02
9.733122100830078125e+02
9.730345306396484375e+02
9.726490631103515625e+02
9.723063201904296875e+02
9.719448242187500000e+02
9.715829925537109375e+02
9.712759552001953125e+02
9.708824615478515625e+02
9.704296112060546875e+02
9.700620269775390625e+02
9.708671569824218750e+02
9.716901702880859375e+02
9.726092834472656250e+02
9.734886779785156250e+02
9.743512573242187500e+02
9.752358245849609375e+02
9.761235656738281250e+02
9.769894409179687500e+02
9.778507995605468750e+02
9.787461090087890625e+02
9.796135406494140625e+02
9.804807128906250000e+02
9.813711547851562500e+02
9.822797546386718750e+02
9.831386566162109375e+02
9.840013732910156250e+02
9.848717956542968750e+02
9.857563171386718750e+02
9.866194458007812500e+02
9.875293579101562500e+02
9.884198760986328125e+02
9.892659454345703125e+02
9.901316223144531250e+02
9.910300750732421875e+02
9.918907470703125000e+02
9.927101135253906250e+02
9.935913696289062500e+02
9.944865417480468750e+02
9.953316955566406250e+02
9.961582794189453125e+02
9.970266265869140625e+02
9.978891448974609375e+02
9.987306365966796875e+02
9.995941619873046875e+02
1.000445724487304688e+03
1.001334762573242188e+03
1.002131027221679688e+03
1.003048217773437500e+03
1.003889739990234375e+03
1.004640899658203125e+03
1.005525817871093750e+03
1.006361145019531250e+03
1.007224563598632812e+03
1.008002304077148438e+03
1.008824218750000000e+03
1.009654037475585938e+03
1.010470642089843750e+03
1.011307189941406250e+03
1.012134811401367188e+03
1.012895629882812500e+03
1.014534393310546875e+03
1.016147537231445312e+03
1.017763046264648438e+03
1.019428436279296875e+03
1.021070663452148438e+03
1.022725738525390625e+03
1.024372009277343750e+03
1.026080703735351562e+03
1.027711898803710938e+03
1.029374618530273438e+03
1.031079803466796875e+03
1.032739089965820312e+03
1.034467926025390625e+03
1.036122253417968750e+03
1.037829956054687500e+03
1.039555236816406250e+03
1.041218383789062500e+03
1.042912048339843750e+03
1.044652618408203125e+03
1.046370635986328125e+03
1.048066894531250000e+03
1.049784423828125000e+03
1.051558715820312500e+03
1.053273376464843750e+03
1.055026046752929688e+03
1.056749023437500000e+03
1.058505096435546875e+03
1.060270812988281250e+03
1.062001495361328125e+03
1.063823303222656250e+03
1.065521759033203125e+03
1.067367126464843750e+03
1.069045257568359375e+03
1.070826354980468750e+03
1.072600128173828125e+03
1.074350769042968750e+03
1.076135437011718750e+03
1.077941619873046875e+03
1.079716552734375000e+03
1.081500000000000000e+03
1.083308898925781250e+03
1.085116638183593750e+03
1.086953887939453125e+03
1.088703521728515625e+03
1.090500335693359375e+03
1.092335449218750000e+03
1.094154602050781250e+03
1.095970123291015625e+03
1.097802917480468750e+03
1.099631042480468750e+03
1.101990142822265625e+03
1.104376922607421875e+03
1.106796630859375000e+03
1.109239349365234375e+03
1.111669586181640625e+03
1.114101318359375000e+03
1.116585113525390625e+03
1.119034454345703125e+03
1.121472778320312500e+03
1.123993743896484375e+03
1.126472412109375000e+03
1.128960693359375000e+03
1.131490509033203125e+03
1.134017089843750000e+03
1.136531646728515625e+03
1.139076354980468750e+03
1.141639862060546875e+03
1.144203033447265625e+03
1.146815002441406250e+03
1.149349853515625000e+03
1.151971405029296875e+03
1.154559539794921875e+03
1.157167205810546875e+03
1.159770812988281250e+03
1.162418090820312500e+03
1.165074707031250000e+03
1.167711700439453125e+03
1.170381530761718750e+03
1.173070617675781250e+03
1.175751251220703125e+03
1.178506530761718750e+03
1.181143188476562500e+03
1.183866607666015625e+03
1.186580810546875000e+03
1.189332977294921875e+03
1.192110961914062500e+03
1.194844055175781250e+03
1.197594573974609375e+03
1.200380401611328125e+03
1.203171173095703125e+03
1.205953216552734375e+03
1.208801513671875000e+03
1.211592407226562500e+03
1.214407714843750000e+03
1.217292083740234375e+03
1.220100341796875000e+03
1.222946929931640625e+03
1.225840087890625000e+03
1.228700439453125000e+03
1.231597442626953125e+03
1.234916198730468750e+03
1.238242523193359375e+03
1.241619110107421875e+03
1.244955871582031250e+03
1.248349548339843750e+03
1.251727783203125000e+03
1.255138397216796875e+03
1.258568420410156250e+03
1.262060913085937500e+03
1.265495269775390625e+03
1.268921783447265625e+03
1.272463104248046875e+03
1.275993835449218750e+03
1.279504577636718750e+03
1.283072174072265625e+03
1.286654754638671875e+03
1.290195739746093750e+03
1.293811218261718750e+03
1.297412841796875000e+03
1.301073303222656250e+03
1.304674041748046875e+03
1.308378662109375000e+03
1.312055999755859375e+03
1.315776092529296875e+03
1.319521697998046875e+03
1.323220825195312500e+03
1.327030853271484375e+03
1.330797973632812500e+03
1.334599975585937500e+03
1.338404174804687500e+03
1.342214813232421875e+03
1.346068389892578125e+03
1.349917907714843750e+03
1.353823760986328125e+03
1.357694854736328125e+03
1.361663635253906250e+03
1.365568298339843750e+03
1.369596954345703125e+03
1.373527008056640625e+03
1.377519775390625000e+03
1.381556335449218750e+03
1.385562591552734375e+03
1.389620086669921875e+03
1.393730407714843750e+03
1.397800842285156250e+03
1.401900054931640625e+03
1.406008544921875000e+03
1.410181762695312500e+03
1.414364105224609375e+03
1.418542572021484375e+03
1.423102844238281250e+03
1.427674316406250000e+03
1.432173583984375000e+03
1.436791046142578125e+03
1.441449432373046875e+03
1.446074829101562500e+03
1.450749389648437500e+03
1.455496002197265625e+03
1.460234375000000000e+03
1.464980926513671875e+03
1.469802734375000000e+03
1.474553283691406250e+03
1.479411010742187500e+03
1.484256500244140625e+03
1.489118957519531250e+03
1.494016693115234375e+03
1.499004272460937500e+03
1.504030303955078125e+03
1.508947082519531250e+03
1.513961975097656250e+03
1.519033721923828125e+03
1.524123535156250000e+03
1.529288146972656250e+03
1.534334472656250000e+03
1.539524719238281250e+03
1.544715820312500000e+03
1.549893676757812500e+03
1.555172027587890625e+03
1.560470031738281250e+03
1.565709075927734375e+03
1.571053863525390625e+03
1.576493530273437500e+03
1.581835449218750000e+03
1.587259857177734375e+03
1.592656463623046875e+03
1.598216156005859375e+03
1.603709777832031250e+03
1.609179809570312500e+03
1.614734466552734375e+03
1.620417846679687500e+03
1.626002349853515625e+03
1.631617889404296875e+03
1.637354614257812500e+03
1.643102722167968750e+03
1.648773376464843750e+03
1.654627136230468750e+03
1.660332000732421875e+03
1.666190734863281250e+03
1.672078918457031250e+03
