1.665462628006935016e-03
1.614143177866935765e-03
1.603046245872974439e-03
1.598953232169151271e-03
1.544607058167457537e-03
1.569934487342834533e-03
1.532025374472141240e-03
1.465591676533222268e-03
1.512481495738029385e-03
1.459658294916152876e-03
1.499698720872402182e-03
1.420372165739536285e-03
1.484515257179737195e-03
1.439458727836608921e-03
1.414025351405143660e-03
1.371046155691146937e-03
1.411359310150146502e-03
1.333585679531097386e-03
1.271560620516538681e-03
1.310166232287883785e-03
1.275427658110857027e-03
1.228883378207683546e-03
1.151327379047870731e-03
1.152799054980278067e-03
1.144423224031925271e-03
1.080313343554735288e-03
9.990260750055313804e-04
8.961119316518306602e-04
8.186399005353450992e-04
7.483676448464393746e-04
8.077843300998210430e-04
6.635157577693462328e-04
6.260373629629611969e-04
6.536834407597780228e-04
7.246502488851547501e-04
6.406266987323761463e-04
5.706265475600957567e-04
5.193295143544673443e-04
4.851512517780065558e-04
4.503875505179166902e-04
4.297176562249660557e-04
3.733753226697445024e-04
3.555238712579011700e-04
3.241282282397150755e-04
2.947136387228965629e-04
2.890794351696968014e-04
2.698627300560474613e-04
2.552961371839046608e-04
2.417058032006025358e-04
2.288898034021258289e-04
2.199546527117490855e-04
2.154968911781907027e-04
2.119546150788664850e-04
2.079624263569712520e-04
2.049861755222082236e-04
2.013535983860492695e-04
1.978436857461929397e-04
1.947097526863217397e-04
1.921802526339888627e-04
1.890648109838366628e-04
1.864245627075433785e-04
1.838085381314158516e-04
1.815951056778431025e-04
1.794014964252710473e-04
1.770594296976923856e-04
1.748718461021780935e-04
1.729800924658775254e-04
1.707398891448974588e-04
1.686855033040046627e-04
1.668515801429748438e-04
1.652879174798726927e-04
1.634165411815047156e-04
1.614859281107783383e-04
1.598431565798819076e-04
1.580892689526081064e-04
1.565567217767238617e-04
1.549174543470144326e-04
1.533749978989362662e-04
1.519092358648776900e-04
1.502478425391018271e-04
1.487487182021141063e-04
1.472923182882368435e-04
1.458243676461279425e-04
1.445318059995770465e-04
1.431626803241670197e-04
1.418351661413908059e-04
1.405624812468886397e-04
1.393820461817085645e-04
1.381644862703978907e-04
1.369515387341380130e-04
1.357435714453458678e-04
1.346252718940377268e-04
1.335546746850013646e-04
1.324121514335274664e-04
1.312488340772688280e-04
1.301873498596251087e-04
1.291102892719209129e-04
1.280444441363215338e-04
1.270284620113670750e-04
1.259770616888999906e-04
1.248818659223616188e-04
1.242830767296254635e-04
1.237913919612765269e-04
1.232707477174699209e-04
1.227810792624950344e-04
1.222826121374964595e-04
1.218188204802572673e-04
1.213418412953615167e-04
1.208963594399392545e-04
1.204591221176087835e-04
1.199935027398169003e-04
1.195808104239404164e-04
1.190906530246138621e-04
1.186322141438722567e-04
1.181860361248254716e-04
1.177427219226956400e-04
1.172952656634151974e-04
1.168704126030206626e-04
1.164157409220933887e-04
1.160132163204252655e-04
1.155766309238970225e-04
1.151572470553219286e-04
1.147342100739479049e-04
1.143198087811470091e-04
1.138916402123868455e-04
1.134649268351495320e-04
1.130447373725473908e-04
1.126285619102418401e-04
1.122232666239142440e-04
1.118231564760208103e-04
1.114086294546723328e-04
1.110276929102838034e-04
1.106234244070947149e-04
1.102303294464945734e-04
1.098103844560682795e-04
1.094256830401718573e-04
1.090273656882345611e-04
1.086439448408782488e-04
1.082388218492269543e-04
1.078355382196605173e-04
1.074749440886080254e-04
1.071002287790179209e-04
1.067255926318466647e-04
1.063319249078631434e-04
1.059761014766991171e-04
1.056041033007204495e-04
1.052129361778497685e-04
1.048514735884964520e-04
1.044966233894228973e-04
1.041248277761042075e-04
1.036909501999616601e-04
1.034652604721486509e-04
1.032742508687079018e-04
1.030839746817946407e-04
1.029067602939903698e-04
1.027092314325272988e-04
1.025385619141161485e-04
1.023636758327484163e-04
1.021812087856233147e-04
1.020080875605344827e-04
1.018297323025763024e-04
1.016436959616839832e-04
1.014732895419001628e-04
1.012926758266985373e-04
1.011220435611903657e-04
1.009426591917872391e-04
1.007752120494842508e-04
1.005885354243218834e-04
1.004221825860440709e-04
1.002489030361175559e-04
1.000748365186154897e-04
9.990366874262690327e-05
9.972057305276393348e-05
9.954918408766388676e-05
9.937593014910817038e-05
9.920542826876044436e-05
9.903871221467853243e-05
9.886114625260234204e-05
9.868894005194306807e-05
9.853086899966001185e-05
9.834388270974159458e-05
9.816884528845548196e-05
9.799139341339469335e-05
9.782524313777684515e-05
9.766245959326625033e-05
9.747907286509871320e-05
9.732473874464631243e-05
9.714940562844276862e-05
9.697908768430352428e-05
9.682615287601947188e-05
9.665388613939285929e-05
9.647350758314132636e-05
9.631858207285403609e-05
9.613497182726859992e-05
9.597157128155231693e-05
9.579293429851532416e-05
9.561730083078145818e-05
9.546867571771145463e-05
9.530212497338652828e-05
9.512861492112278450e-05
9.493499994277953451e-05
9.484018199145793481e-05
9.475903585553169738e-05
9.465836221352219744e-05
9.457777021452784376e-05
9.449052158743143353e-05
9.440919850021600344e-05
9.432271588593720956e-05
9.424160234630107338e-05
9.415955282747745785e-05
9.408085839822888862e-05
9.399224072694777900e-05
9.391493629664183042e-05
9.383011842146515358e-05
9.375284891575574495e-05
9.366499492898584008e-05
9.358206996694207029e-05
9.349741507321596742e-05
9.341714205220341845e-05
9.332899702712893269e-05
9.324814192950724905e-05
9.316636016592382734e-05
9.308492531999946128e-05
9.300281060859561617e-05
9.291483322158455469e-05
9.283327031880616816e-05
9.275500895455479188e-05
9.266978595405817303e-05
9.259390877559781020e-05
9.250599192455411445e-05
9.242468280717730305e-05
9.233911521732806726e-05
9.225848363712429621e-05
9.217660175636410496e-05
9.209673851728438897e-05
9.202043060213327191e-05
9.194169659167528532e-05
9.185628965497017124e-05
9.177705738693476211e-05
9.168499382212757793e-05
9.160232963040471294e-05
9.151999838650227135e-05
9.143455652520060377e-05
9.135614149272442189e-05
9.126924909651279504e-05
9.118502028286456899e-05
9.110098704695701816e-05
9.101682109758258300e-05
9.093421744182705662e-05
9.085088036954402869e-05
9.075785987079143036e-05
9.071120992302894430e-05
9.066857164725661007e-05
9.062673896551132311e-05
9.058850584551691630e-05
9.054352063685656082e-05
9.050271008163690404e-05
9.045937098562716950e-05
9.041679324582218744e-05
9.037582902237772508e-05
9.033399168401956070e-05
9.029384935274720300e-05
9.025181643664836341e-05
9.021275211125612422e-05
9.017310570925473679e-05
9.013015078380703655e-05
9.009205736219883019e-05
9.005154250189661817e-05
9.000791236758231629e-05
8.996607735753059062e-05
8.992402115836739106e-05
8.988465415313840455e-05
8.984531043097376444e-05
8.980315411463379535e-05
8.976130746304988970e-05
8.972029667347669385e-05
8.967796573415398435e-05
8.963754400610923930e-05
8.959551807492971583e-05
8.955846540629863576e-05
8.951253024861216870e-05
8.946998510509728789e-05
8.943001506850123189e-05
8.938835933804512403e-05
8.934889687225223184e-05
8.930766722187400081e-05
8.926888927817345153e-05
8.922409964725375772e-05
8.918767096474766840e-05
8.914531674236058538e-05
8.910126984119414795e-05
8.906041504815220995e-05
8.901885012164711681e-05
8.898023981600999182e-05
8.893874241039156697e-05
8.889793418347834890e-05
8.885465562343598008e-05
8.881417335942386930e-05
8.877555141225457788e-05
8.873180951923131292e-05
8.868196979165076613e-05
8.866092655807734186e-05
8.863878902047872814e-05
8.861562237143516812e-05
8.859501453116536195e-05
8.857698412612080574e-05
8.855513995513319807e-05
8.853452047333121191e-05
8.851406397297978618e-05
8.849259465932845798e-05
8.847255492582916780e-05
8.845260832458734458e-05
8.843090385198593736e-05
8.841294795274733847e-05
8.839151822030544118e-05
8.836964843794703484e-05
8.835030486807226755e-05
8.832941995933651274e-05
8.830920094624161829e-05
8.828881429508328600e-05
8.826847886666655107e-05
8.824774529784917669e-05
8.822746342048049136e-05
8.820892311632633263e-05
8.818715112283825712e-05
8.816852001473307013e-05
8.814993547275663018e-05
8.812915766611694748e-05
8.810853352770209746e-05
8.808673592284322327e-05
8.806719677522778077e-05
8.804797194898127913e-05
8.802685886621474786e-05
8.800668409094214819e-05
8.798601804301142855e-05
8.796514710411429243e-05
8.794854395091533552e-05
8.792825276032089537e-05
8.790681604295969552e-05
8.788801264017820684e-05
8.786995429545641325e-05
8.784852921962737983e-05
8.782762335613370375e-05
8.780797477811575044e-05
8.778635179623961666e-05
8.776606759056449262e-05
8.774728048592806133e-05
8.772729197517036850e-05
8.770679356530308669e-05
8.768824627622962540e-05
8.766413200646639250e-05
8.765267673879861940e-05
8.764267433434724428e-05
8.763462305068970323e-05
8.762479294091462981e-05
8.761374047026038712e-05
8.760371245443821333e-05
8.759379154071211164e-05
8.758425014093518040e-05
8.757356321439147592e-05
8.756441529840230671e-05
8.755520218983292146e-05
8.754569338634610501e-05
8.753616595640777891e-05
8.752640802413225120e-05
8.751687128096818382e-05
8.750698994845151305e-05
8.749833563342690251e-05
8.748980006203055761e-05
8.748058462515473366e-05
8.747011888772248951e-05
8.746066829189658653e-05
8.745288243517280059e-05
8.744302205741405108e-05
8.743272628635168347e-05
8.742416044697164893e-05
8.741595083847642487e-05
8.740682620555162918e-05
8.739763172343372648e-05
8.738914504647255378e-05
8.738007629290223284e-05
8.736991556361317472e-05
8.736077463254332163e-05
8.735203882679343766e-05
8.734306553378700885e-05
8.733531227335333770e-05
8.732637157663702368e-05
8.731759618967770880e-05
8.730882080271840746e-05
8.730004308745265386e-05
8.729083696380257119e-05
8.728266926482320320e-05
8.727381937205791744e-05
8.726532803848385377e-05
8.725718129426240704e-05
8.724817074835299958e-05
8.723901817575096650e-05
8.723041974008083072e-05
8.722221478819847053e-05
8.721375605091452165e-05
8.720257552340627205e-05
8.719814941287040981e-05
8.719427976757288359e-05
8.719005854800343785e-05
8.718611439689994075e-05
8.718176977708935196e-05
8.717785356566310579e-05
8.717366494238376130e-05
8.716998388990759416e-05
8.716602344065903967e-05
8.716206997632980130e-05
8.715844713151454763e-05
8.715471951290964701e-05
8.715061238035560305e-05
8.714754367247223312e-05
8.714349707588552778e-05
8.713957620784640421e-05
8.713606977835297747e-05
8.713260758668184551e-05
8.712933631613851136e-05
8.712581824511289109e-05
8.712193462997674617e-05
8.711877046152949767e-05
8.711545960977673260e-05
8.711189264431595369e-05
8.710848866030573520e-05
8.710550842806696838e-05
8.710213936865330339e-05
8.709882618859409961e-05
8.709555957466364286e-05
8.709206944331527353e-05
8.708899375051260103e-05
8.708609733730554635e-05
8.708362001925706592e-05
8.708077250048518343e-05
8.707775967195630182e-05
8.707472821697592410e-05
8.707201108336448724e-05
8.706896100193262697e-05
8.706582710146904100e-05
8.706319611519575498e-05
8.706047898158430457e-05
8.705762680619954467e-05
8.705485146492719433e-05
8.705281419679522298e-05
8.704975945875048529e-05
8.704750798642635617e-05
8.704515174031258009e-05
8.704225067049264799e-05
8.703984552994369973e-05
8.703572442755103708e-05
8.703437866643071120e-05
8.703292580321431323e-05
8.703169412910938913e-05
8.703057421371340101e-05
8.702941937372088649e-05
8.702862076461315535e-05
8.702801540493964715e-05
8.702684892341493910e-05
8.702591992914676233e-05
8.702482096850872257e-05
8.702417602762579701e-05
8.702314225956797329e-05
8.702200371772050261e-05
8.702130289748311585e-05
8.702084654942154939e-05
8.702035294845700427e-05
8.701998041942714994e-05
8.701884886249899539e-05
8.701821556314826337e-05
8.701777551323175430e-05
8.701727725565433177e-05
8.701689541339873617e-05
8.701649727299809673e-05
8.701587328687310598e-05
8.701537968590856086e-05
8.701465791091322574e-05
8.701424580067396760e-05
8.701427839696406884e-05
8.701425511389970888e-05
8.701389422640204809e-05
8.701374987140298378e-05
8.701351005584001379e-05
8.701348677277565382e-05
8.701363112777471813e-05
8.701364044100045941e-05
8.701333776116371209e-05
8.701297687366605130e-05
8.701296290382743261e-05
8.701381972059607723e-05
8.701393846422434287e-05
8.701378712430596243e-05
8.701435523107647842e-05
8.701474172994493788e-05
8.701443206518888799e-05
8.701425977051258629e-05
8.701451122760772271e-05
8.701506536453962001e-05
8.701588725671172467e-05
8.701633894816041372e-05
