1.648430265486240404e-03
1.545527949929237366e-03
1.540281102061271659e-03
1.479529701173305442e-03
1.434804350137710519e-03
1.418597213923931044e-03
1.365602798759937364e-03
1.344607062637806017e-03
1.322928890585899422e-03
1.325127258896827750e-03
1.305763535201549461e-03
1.301007308065891231e-03
1.347520034760236844e-03
1.307050120085477725e-03
1.325253434479236637e-03
1.285538896918296710e-03
1.289805322885513236e-03
1.274303738027811024e-03
1.255061160773038786e-03
1.278488319367170230e-03
1.242831349372863770e-03
1.256764307618141088e-03
1.223859861493110674e-03
1.235817223787307644e-03
1.201418396085500656e-03
1.198781970888376314e-03
1.185354329645633715e-03
1.181033011525869404e-03
1.165735088288784044e-03
1.121014114469289771e-03
1.119050402194261525e-03
1.056163683533668622e-03
1.033066138625145019e-03
9.985876455903053891e-04
9.993038512766362017e-04
9.996316768229008502e-04
9.317927993834018924e-04
8.921676501631736495e-04
8.469407446682452722e-04
8.089643530547618736e-04
8.117153681814670476e-04
7.272842526435852224e-04
8.153019286692142747e-04
7.734018564224243554e-04
7.733786478638648987e-04
6.968512572348117525e-04
6.518146768212318897e-04
6.053403951227665381e-04
5.656805541366338686e-04
5.910193827003240412e-04
5.095965787768364256e-04
4.844817984849214510e-04
4.642624314874410543e-04
4.463861510157584971e-04
4.481459315866232179e-04
4.196215048432349920e-04
4.070716351270675898e-04
4.009241703897714506e-04
3.906604927033186046e-04
3.703941404819488460e-04
3.756262175738811645e-04
3.569539915770292217e-04
3.622054308652877764e-04
3.394601214677095673e-04
3.388298582285642429e-04
3.316358383744955236e-04
3.348962869495153644e-04
3.185523953288793824e-04
3.390597412362694740e-04
3.233543084934353677e-04
2.930621430277824554e-04
3.060056688264012532e-04
2.748233405873179457e-04
2.913878438994288466e-04
2.933706436306238326e-04
2.808472933247685302e-04
2.746445732191204938e-04
2.760097105056047288e-04
2.705558110028505564e-04
2.553778374567627820e-04
2.801297092810273040e-04
2.441389393061399482e-04
2.712033409625291781e-04
2.656295802444219828e-04
2.712688595056533553e-04
2.668478013947606260e-04
2.606628322973847584e-04
2.488425839692354224e-04
2.449849899858236356e-04
2.426352398470044234e-04
2.336976397782564098e-04
2.355555351823568225e-04
2.397892298176884705e-04
2.135633444413542650e-04
2.341542067006230430e-04
2.270167646929621599e-04
2.101548900827765476e-04
2.154159219935536309e-04
2.216946799308061654e-04
2.048808336257934527e-04
2.007425250485539339e-04
1.877613179385662014e-04
1.823106827214360335e-04
1.824454450979828769e-04
1.786301843822002519e-04
1.752128545194864230e-04
1.719851675443351366e-04
1.687424955889582634e-04
1.659453799948096232e-04
1.633434835821390250e-04
1.615849649533629450e-04
1.610475871711969365e-04
1.590761798433959462e-04
1.577674038708209916e-04
1.569326012395322355e-04
1.559275505132973151e-04
1.539092930033802997e-04
1.527713239192962571e-04
1.551093976013362494e-04
1.505592255853116404e-04
1.508971909061074257e-04
1.559847244061529723e-04
1.503096637316048069e-04
1.536469231359660647e-04
1.486192434094846335e-04
1.599866081960499287e-04
1.509834104217589032e-04
1.467310404404997869e-04
1.499755820259451801e-04
1.531116198748350198e-04
1.503767282702028762e-04
1.520816865377128113e-04
1.485899370163679221e-04
1.463796361349523067e-04
1.474904152564704440e-04
1.513967779465019616e-04
1.443498465232551087e-04
1.408774987794458866e-04
1.480077952146530184e-04
1.475590420886874221e-04
1.396978367120027575e-04
1.442748378030955705e-04
1.427443535067140958e-04
1.362102245911955747e-04
1.349312230013310779e-04
1.381770684383809545e-04
1.486434694379568024e-04
1.380067830905318249e-04
1.448953850194811691e-04
1.332086068578064409e-04
1.305733970366418297e-04
1.278279628604650595e-04
1.258619665168225830e-04
1.248915703035890969e-04
1.241102255880832640e-04
1.227505598217248949e-04
1.222816994413733537e-04
1.213807030580937917e-04
1.209454098716378250e-04
1.204528915695846037e-04
1.198949362151324787e-04
1.194797689095139531e-04
1.190151064656674840e-04
1.185924722813069772e-04
1.182424160651862616e-04
1.179997576400637572e-04
1.174728828482329851e-04
1.171983941458165689e-04
1.168162329122424180e-04
1.163744064979255243e-04
1.159443007782101588e-04
1.156590227037668163e-04
1.151970797218382364e-04
1.148852892220020289e-04
1.144125568680465227e-04
1.140222861431539037e-04
1.136289420537650645e-04
1.133266394026577521e-04
1.129390508867800301e-04
1.126885507255792650e-04
1.123863807879388370e-04
1.119704497978091202e-04
1.117728115059435384e-04
1.118765259161591573e-04
1.121897273696959067e-04
1.110861450433731047e-04
1.108682574704289388e-04
1.102867070585489246e-04
1.100531662814319134e-04
1.097975089214742232e-04
1.108315028250217421e-04
1.123519614338874817e-04
1.143317995592951834e-04
1.139230094850063270e-04
1.143674599006772041e-04
1.130759320221841319e-04
1.126851281151175504e-04
1.111554121598601309e-04
1.099603530019521702e-04
1.119981729425489881e-04
1.098307082429528209e-04
1.082415459677577073e-04
1.069647260010242462e-04
1.063570077531039704e-04
1.058436441235244252e-04
1.055698399432003520e-04
1.050144643522799020e-04
1.046692719683051055e-04
1.043873396702110816e-04
1.041546463966369602e-04
1.039748103357851446e-04
1.037681754678487740e-04
1.035812450572848315e-04
1.034259353764355204e-04
1.032670284621417544e-04
1.030306518077850407e-04
1.028831745497882355e-04
1.027039927430450868e-04
1.025517610833048869e-04
1.023937272839248229e-04
1.022345479577779721e-04
1.021001650951802720e-04
1.018939260393381157e-04
1.017314149066805785e-04
1.015991298481822019e-04
1.015092688612639882e-04
1.013953844085335699e-04
1.012528804130852217e-04
1.011355337686836714e-04
1.009512436576187562e-04
1.007085107266902945e-04
1.005619205534458101e-04
1.003237557597458363e-04
1.001238077878951983e-04
9.996155742555856596e-05
9.982256917282938578e-05
9.966203942894935879e-05
9.949514875188469290e-05
9.931527660228311799e-05
9.915665257722139738e-05
9.903118014335632162e-05
9.885864332318306294e-05
9.869949775747954629e-05
9.856696007773280035e-05
9.837931487709283883e-05
9.822706459090114290e-05
9.809731272980570793e-05
9.792718803510070010e-05
9.775683050975203839e-05
9.762144414708017707e-05
9.738859720528126359e-05
9.727115044370293021e-05
9.718611370772123174e-05
9.710833430290222060e-05
9.702412411570549065e-05
9.694378357380628694e-05
9.686030913144349727e-05
9.679051348939538598e-05
9.667834034189581817e-05
9.665240300819277167e-05
9.653860703110694289e-05
9.648295352235436548e-05
9.639624273404479515e-05
9.629728272557258443e-05
9.621501900255679759e-05
9.613288333639503122e-05
9.605720639228820747e-05
9.597388794645667564e-05
9.590029716491699544e-05
9.581599384546279853e-05
9.577346500009298867e-05
9.568947600200771906e-05
9.558594319969415665e-05
9.550334187224506898e-05
9.547543479129671942e-05
9.540291968733071901e-05
9.533381089568137580e-05
9.525378001853823553e-05
9.516234509646891951e-05
9.506742004305124771e-05
9.495494421571493257e-05
9.487163973972201944e-05
9.480046923272311200e-05
9.471041616052389470e-05
9.464929811656475392e-05
9.454910643398761912e-05
9.446420473977923014e-05
9.439898654818534797e-05
9.431120241060853655e-05
9.422313421964646036e-05
9.414877276867628640e-05
9.406078141182660623e-05
9.399045025929808020e-05
9.391642059199512384e-05
9.382853517308830998e-05
9.376536123454570174e-05
9.369153529405594252e-05
9.359544375911354910e-05
9.352181688882410960e-05
9.343527490273118290e-05
9.332799585536122376e-05
9.326607920229435184e-05
9.322564816102385196e-05
9.320181328803300641e-05
9.313173359259963036e-05
9.309376822784543092e-05
9.305511601269244985e-05
9.301863843575120189e-05
9.298203513026237217e-05
9.293560055084526322e-05
9.289788780733943311e-05
9.285079780966043798e-05
9.281602222472429926e-05
9.277585428208112934e-05
9.272896684706211199e-05
9.269686881452799277e-05
9.265517117455601530e-05
9.261169238016009385e-05
9.257087949663401192e-05
9.252590592950582287e-05
9.249031078070401820e-05
9.245202061720193083e-05
9.241147898137570078e-05
9.237081278115510832e-05
9.232459589838981520e-05
9.228783659636974118e-05
9.223758708685636141e-05
9.219988249242305322e-05
9.216259000822901672e-05
9.212027536705136462e-05
9.207528084516525431e-05
9.203918743878602711e-05
9.199469583109021675e-05
9.195141028612851826e-05
9.192248340696096366e-05
9.187180432491004901e-05
9.183551184833050208e-05
9.178923908621073420e-05
9.174159727990626693e-05
9.171576006338000352e-05
9.166984353214501901e-05
9.161813417449593869e-05
9.158131899312138991e-05
9.154445957392454635e-05
9.149310179054737199e-05
9.146285941824316762e-05
9.140882873907685117e-05
9.139078203588723757e-05
9.135696571320295171e-05
9.128427365794777220e-05
9.125936310738324685e-05
9.120912523940206062e-05
9.118880610913038308e-05
9.115755790844559236e-05
9.114861954003573060e-05
9.111489169299602075e-05
9.110906161367893273e-05
9.107229299843311743e-05
9.105508332140743299e-05
9.103689808398485184e-05
9.101264644414187074e-05
9.098844253458082893e-05
9.097134927287697142e-05
9.094777749851345582e-05
9.092711145058273619e-05
9.090537088923155611e-05
9.088098304346203262e-05
9.086310165002941814e-05
9.083919459953904043e-05
9.081909665837883678e-05
9.079737006686627540e-05
9.077725466340780854e-05
9.075478301383555207e-05
9.072712040506303636e-05
9.071852779015898379e-05
9.069037041626870361e-05
9.066814556717871969e-05
9.064244804903864318e-05
9.063019184395671379e-05
9.059968404471874074e-05
9.058371069841087136e-05
9.055412374436855316e-05
9.054716210812329704e-05
9.051126544363796440e-05
9.049964370205998638e-05
9.047099854797124429e-05
9.044822538271545984e-05
9.042765246704220718e-05
9.040265576913953099e-05
9.038804331794381196e-05
9.036070201545953967e-05
9.034237824380397742e-05
9.031486231833696474e-05
9.029373759403825348e-05
9.027235442772507613e-05
9.025887120515108651e-05
9.023148450069130009e-05
9.020553668960929296e-05
9.018590790219605511e-05
9.016017895191908316e-05
9.013032889924943501e-05
9.011797141283750317e-05
9.010425070300698226e-05
9.009380824863911163e-05
9.008378954604267911e-05
9.007245069369673295e-05
9.006134932860731808e-05
9.004823397845029180e-05
9.003776358440518379e-05
9.002829669043422342e-05
9.001444093883037947e-05
9.000506950542331121e-05
8.999223820865153616e-05
8.998080622404813658e-05
8.997098542749881799e-05
8.995799929834901799e-05
8.994614589028060545e-05
8.993786177597939697e-05
8.992309449240565300e-05
8.991117356345057216e-05
8.990235277451574315e-05
8.989050518721342737e-05
8.987750043161213127e-05
8.986633969470858357e-05
8.985448628664017103e-05
8.984369691461324475e-05
8.983083651401102651e-05
8.982359780929982174e-05
8.980954531580209678e-05
8.980002487078308680e-05
8.978941943496465575e-05
8.977392455562949343e-05
8.976572658866643580e-05
8.974970784038305228e-05
8.973635034635663087e-05
8.972819196060300415e-05
8.971560047939419909e-05
8.970447001047432748e-05
8.969212067313491756e-05
8.968061534687876647e-05
8.966927183791995645e-05
8.965625427663326101e-05
8.964272681623697660e-05
8.963338099420070702e-05
8.962061023339629770e-05
8.960814913734793826e-05
8.959689643234014294e-05
8.958813385106622739e-05
8.957067970186472264e-05
8.955669123679399436e-05
8.954730466939508807e-05
8.953932207077742111e-05
8.953024400398134535e-05
8.952351752668619535e-05
8.952087489888071580e-05
8.951524971053004427e-05
8.950643474236131202e-05
8.950246497988700270e-05
8.949557319283485358e-05
8.948831586167216626e-05
8.948240661993622997e-05
8.947690948843956536e-05
8.947028778493404876e-05
8.946683490648865808e-05
8.945996407419443022e-05
8.945163572207092697e-05
8.944866713136434013e-05
8.944160770624876673e-05
8.943403605371713855e-05
8.943071588873863220e-05
8.942227112129330201e-05
8.941593463532626954e-05
8.941222215071320696e-05
8.940341998822987405e-05
8.939537918195128007e-05
8.938970277085899765e-05
8.938469458371401429e-05
8.937880396842956055e-05
8.937395410612226020e-05
8.936594938859343908e-05
8.935950230807066289e-05
8.935240330174565857e-05
8.934677578508853479e-05
8.934147888794540925e-05
8.933472912758588574e-05
8.932922501116990501e-05
8.932303637266159491e-05
8.931528311222791021e-05
8.930808631703257507e-05
8.930221898481249484e-05
8.929765434004366506e-05
8.928935043513775468e-05
8.928267052397132462e-05
8.928072405979036797e-05
8.927100105211139376e-05
8.926430484279990630e-05
8.925833506509661783e-05
8.925222558900714246e-05
8.924626978114247268e-05
8.923916146159172709e-05
