1.033361077308654785e+00
9.906628727912902832e-01
9.622602909803390503e-01
9.215603470802307129e-01
8.743465244770050049e-01
8.403221815824508667e-01
7.884506136178970337e-01
7.716022729873657227e-01
7.663169801235198975e-01
7.585285454988479614e-01
7.471034228801727295e-01
7.449447512626647949e-01
7.508258670568466187e-01
7.487062364816665649e-01
7.430202811956405640e-01
7.298748791217803955e-01
7.231449186801910400e-01
7.190511673688888550e-01
7.135250866413116455e-01
7.072719335556030273e-01
7.049560546875000000e-01
6.990960538387298584e-01
6.936542391777038574e-01
6.847567409276962280e-01
6.733202338218688965e-01
6.665932983160018921e-01
6.656631529331207275e-01
6.615008264780044556e-01
6.485197693109512329e-01
6.184076368808746338e-01
6.093149036169052124e-01
5.799670219421386719e-01
5.632958859205245972e-01
5.432334244251251221e-01
5.637149065732955933e-01
5.464225262403488159e-01
5.048900842666625977e-01
4.939978793263435364e-01
4.569334536790847778e-01
4.385604336857795715e-01
4.472444280982017517e-01
3.909559249877929688e-01
4.522365555167198181e-01
4.252184554934501648e-01
4.231582283973693848e-01
3.762343600392341614e-01
3.575300946831703186e-01
3.321500942111015320e-01
3.131530806422233582e-01
3.265946954488754272e-01
2.768510207533836365e-01
2.632483914494514465e-01
2.549864389002323151e-01
2.468951120972633362e-01
2.441336512565612793e-01
2.305363081395626068e-01
2.239321544766426086e-01
2.220718339085578918e-01
2.162831537425518036e-01
2.040619440376758575e-01
2.091423645615577698e-01
2.002809718251228333e-01
2.027004137635231018e-01
1.919627413153648376e-01
1.880469135940074921e-01
1.886914670467376709e-01
1.892176978290081024e-01
1.795618869364261627e-01
1.911959014832973480e-01
1.837336122989654541e-01
1.658605523407459259e-01
1.744016967713832855e-01
1.564307920634746552e-01
1.675019674003124237e-01
1.682484410703182220e-01
1.601240709424018860e-01
1.580633446574211121e-01
1.586217135190963745e-01
1.546626724302768707e-01
1.477432139217853546e-01
1.605534106492996216e-01
1.400099135935306549e-01
1.565658114850521088e-01
1.527390591800212860e-01
1.559518873691558838e-01
1.534157805144786835e-01
1.538465246558189392e-01
1.435171440243721008e-01
1.410623714327812195e-01
1.425071582198143005e-01
1.354725956916809082e-01
1.352506801486015320e-01
1.387753002345561981e-01
1.236429214477539062e-01
1.369119621813297272e-01
1.304766982793807983e-01
1.224953960627317429e-01
1.255861781537532806e-01
1.290465947240591049e-01
1.191056258976459503e-01
1.149885952472686768e-01
1.082625035196542740e-01
1.052124612033367157e-01
1.051985993981361389e-01
1.034209392964839935e-01
1.014515366405248642e-01
9.960284642875194550e-02
9.758742526173591614e-02
9.592171944677829742e-02
9.450912661850452423e-02
9.341132454574108124e-02
9.314929880201816559e-02
9.186705388128757477e-02
9.116004966199398041e-02
9.083063341677188873e-02
8.994654752314090729e-02
8.897708542644977570e-02
8.829206787049770355e-02
8.950923755764961243e-02
8.714406751096248627e-02
8.693866617977619171e-02
8.984102308750152588e-02
8.672430180013179779e-02
8.866233751177787781e-02
8.559760823845863342e-02
9.215346537530422211e-02
8.706410601735115051e-02
8.480946719646453857e-02
8.678664825856685638e-02
8.814646303653717041e-02
8.661165833473205566e-02
8.762167021632194519e-02
8.624586649239063263e-02
8.429369702935218811e-02
8.532395213842391968e-02
8.685259893536567688e-02
8.397137559950351715e-02
8.183419890701770782e-02
8.539501577615737915e-02
8.528341539204120636e-02
8.123230934143066406e-02
8.348226733505725861e-02
8.276852034032344818e-02
7.955855689942836761e-02
7.849104702472686768e-02
8.082614652812480927e-02
8.519663661718368530e-02
8.017395809292793274e-02
8.394342847168445587e-02
7.722568325698375702e-02
7.590673118829727173e-02
7.411892153322696686e-02
7.294289581477642059e-02
7.246585749089717865e-02
7.197615131735801697e-02
7.124441675841808319e-02
7.096532732248306274e-02
7.042049244046211243e-02
7.013473659753799438e-02
6.982772052288055420e-02
6.951029971241950989e-02
6.924499012529850006e-02
6.901274435222148895e-02
6.872801203280687332e-02
6.849539652466773987e-02
6.834611855447292328e-02
6.813261564821004868e-02
6.791002117097377777e-02
6.765798665583133698e-02
6.743375211954116821e-02
6.718050129711627960e-02
6.696129683405160904e-02
6.674879230558872223e-02
6.654374953359365463e-02
6.626388244330883026e-02
6.605127360671758652e-02
6.583279184997081757e-02
6.563295423984527588e-02
6.540102511644363403e-02
6.523297820240259171e-02
6.507649645209312439e-02
6.481954734772443771e-02
6.470378860831260681e-02
6.477139797061681747e-02
6.486123427748680115e-02
6.432645395398139954e-02
6.416214164346456528e-02
6.395724881440401077e-02
6.370619777590036392e-02
6.355843320488929749e-02
6.408575084060430527e-02
6.491439044475555420e-02
6.602976750582456589e-02
6.583526078611612320e-02
6.604057922959327698e-02
6.553930416703224182e-02
6.524082645773887634e-02
6.443047989159822464e-02
6.372440047562122345e-02
6.461065728217363358e-02
6.356943864375352859e-02
6.274143885821104050e-02
6.200473569333553314e-02
6.160334777086973190e-02
6.127846986055374146e-02
6.109375972300767899e-02
6.083792820572853088e-02
6.064250413328409195e-02
6.050197314471006393e-02
6.035812105983495712e-02
6.024399027228355408e-02
6.013017147779464722e-02
6.002467311918735504e-02
5.992183927446603775e-02
5.982254166156053543e-02
5.970074888318777084e-02
5.960371624678373337e-02
5.950601026415824890e-02
5.941339861601591110e-02
5.931524559855461121e-02
5.922107864171266556e-02
5.912219174206256866e-02
5.901682563126087189e-02
5.893662106245756149e-02
5.885282531380653381e-02
5.879475083202123642e-02
5.872243642807006836e-02
5.862173624336719513e-02
5.854955874383449554e-02
5.847154278308153152e-02
5.834067892283201218e-02
5.823532119393348694e-02
5.811140686273574829e-02
5.799747072160243988e-02
5.792052112519741058e-02
5.782000161707401276e-02
5.773102678358554840e-02
5.763181019574403763e-02
5.753407441079616547e-02
5.744345858693122864e-02
5.736016854643821716e-02
5.726816877722740173e-02
5.717344023287296295e-02
5.709924269467592239e-02
5.700040236115455627e-02
5.690535530447959900e-02
5.681939516216516495e-02
5.672897212207317352e-02
5.663162283599376678e-02
5.654962267726659775e-02
5.639568530023097992e-02
5.633042566478252411e-02
5.628123786300420761e-02
5.624574329704046249e-02
5.618605203926563263e-02
5.613835714757442474e-02
5.609277728945016861e-02
5.604853294789791107e-02
5.599650833755731583e-02
5.596827343106269836e-02
5.590354558080434799e-02
5.586571525782346725e-02
5.581624805927276611e-02
5.576840229332447052e-02
5.572120100259780884e-02
5.567265581339597702e-02
5.562826339155435562e-02
5.557899829000234604e-02
5.554237868636846542e-02
5.549455806612968445e-02
5.546294339001178741e-02
5.540944729000329971e-02
5.535611510276794434e-02
5.531152524054050446e-02
5.528001394122838974e-02
5.524852313101291656e-02
5.520668905228376389e-02
5.515279714018106461e-02
5.510013923048973083e-02
5.505826603621244431e-02
5.499993823468685150e-02
5.494812503457069397e-02
5.491000320762395859e-02
5.485429055988788605e-02
5.481834709644317627e-02
5.476225074380636215e-02
5.471344292163848877e-02
5.467320699244737625e-02
5.462236888706684113e-02
5.457758251577615738e-02
5.453275702893733978e-02
5.448510777205228806e-02
5.443927273154258728e-02
5.439696367830038071e-02
5.435045994818210602e-02
5.431330390274524689e-02
5.426286533474922180e-02
5.421764962375164032e-02
5.417456757277250290e-02
5.412380397319793701e-02
5.404921621084213257e-02
5.401808861643075943e-02
5.399367958307266235e-02
5.397866386920213699e-02
5.394557863473892212e-02
5.392167065292596817e-02
5.389879550784826279e-02
5.387369263917207718e-02
5.385330785065889359e-02
5.382862035185098648e-02
5.380444321781396866e-02
5.378147494047880173e-02
5.375720188021659851e-02
5.373835377395153046e-02
5.371338687837123871e-02
5.368905607610940933e-02
5.366706755012273788e-02
5.364350415766239166e-02
5.361838638782501221e-02
5.359438434243202209e-02
5.357649642974138260e-02
5.355220474302768707e-02
5.352743435651063919e-02
5.350375920534133911e-02
5.347809754312038422e-02
5.345616303384304047e-02
5.343087203800678253e-02
5.340734682977199554e-02
5.338528752326965332e-02
5.336098186671733856e-02
5.333540868014097214e-02
5.331447627395391464e-02
5.329203698784112930e-02
5.326884798705577850e-02
5.324387829750776291e-02
5.322151165455579758e-02
5.319868773221969604e-02
5.317228939384222031e-02
5.314912647008895874e-02
5.312948208302259445e-02
5.310232192277908325e-02
5.307806469500064850e-02
5.305584520101547241e-02
5.303221661597490311e-02
5.300725530833005905e-02
5.298247281461954117e-02
5.296164564788341522e-02
5.294201895594596863e-02
5.291782412678003311e-02
5.288983508944511414e-02
5.285711772739887238e-02
5.284052249044179916e-02
5.282456427812576294e-02
5.281380936503410339e-02
5.280183535069227219e-02
5.278864223510026932e-02
5.277673341333866119e-02
5.276197381317615509e-02
5.275068618357181549e-02
5.273992940783500671e-02
5.272718612104654312e-02
5.271425098180770874e-02
5.270265229046344757e-02
5.268975626677274704e-02
5.267683789134025574e-02
5.266506224870681763e-02
5.265274550765752792e-02
5.264202039688825607e-02
5.262854509055614471e-02
5.261636618524789810e-02
5.260423477739095688e-02
5.259281303733587265e-02
5.258007440716028214e-02
5.256761144846677780e-02
5.255652870982885361e-02
5.254367738962173462e-02
5.253201629966497421e-02
5.251825693994760513e-02
5.250756721943616867e-02
5.249365977942943573e-02
5.248188879340887070e-02
5.246964469552040100e-02
5.245865229517221451e-02
5.244436394423246384e-02
5.243232473731040955e-02
5.242146365344524384e-02
5.240629240870475769e-02
5.239444505423307419e-02
5.238175671547651291e-02
5.236970167607069016e-02
5.235712602734565735e-02
5.234414432197809219e-02
5.233334284275770187e-02
5.232107732445001602e-02
5.230755452066659927e-02
5.229514278471469879e-02
5.228319019079208374e-02
5.227002874016761780e-02
5.225768126547336578e-02
5.224283691495656967e-02
5.222514458000659943e-02
5.221699550747871399e-02
5.221045110374689102e-02
5.220422986894845963e-02
5.219808127731084824e-02
5.219122022390365601e-02
5.218503158539533615e-02
5.217871442437171936e-02
5.217157397419214249e-02
5.216571781784296036e-02
5.215938761830329895e-02
5.215321108698844910e-02
5.214613117277622223e-02
5.214016512036323547e-02
5.213327426463365555e-02
5.212684813886880875e-02
5.212060455232858658e-02
5.211431160569190979e-02
5.210727453231811523e-02
5.210126284509897232e-02
5.209447909146547318e-02
5.208805296570062637e-02
5.208156444132328033e-02
5.207501631230115891e-02
5.206811893731355667e-02
5.206206627190113068e-02
5.205521639436483383e-02
5.204933043569326401e-02
5.204396229237318039e-02
5.203705094754695892e-02
5.202994775027036667e-02
5.202328786253929138e-02
5.201640073210000992e-02
5.200905818492174149e-02
5.200247094035148621e-02
5.199593957513570786e-02
5.198970530182123184e-02
5.198324099183082581e-02
5.197593476623296738e-02
5.196977593004703522e-02
5.196283664554357529e-02
5.195569712668657303e-02
5.194985121488571167e-02
5.194255802780389786e-02
5.193594843149185181e-02
5.192880425602197647e-02
5.192251410335302353e-02
5.191651266068220139e-02
5.190914589911699295e-02
5.190205108374357224e-02
5.189266521483659744e-02
5.188877508044242859e-02
5.188549216836690903e-02
5.188163463026285172e-02
5.187846720218658447e-02
5.187556054443120956e-02
5.187134072184562683e-02
5.186827015131711960e-02
5.186463799327611923e-02
5.186132900416851044e-02
5.185825470834970474e-02
5.185433477163314819e-02
5.185090936720371246e-02
5.184776615351438522e-02
5.184434261173009872e-02
5.184064805507659912e-02
5.183770414441823959e-02
5.183431413024663925e-02
5.183058325201272964e-02
5.182691290974617004e-02
5.182363558560609818e-02
5.182020273059606552e-02
5.181675683706998825e-02
5.181293748319149017e-02
5.180981848388910294e-02
5.180615559220314026e-02
5.180251225829124451e-02
5.179910548031330109e-02
5.179567448794841766e-02
5.179198272526264191e-02
5.178864672780036926e-02
5.178487487137317657e-02
5.178154446184635162e-02
5.177778471261262894e-02
5.177428945899009705e-02
5.177106615155935287e-02
5.176724866032600403e-02
5.176370870321989059e-02
5.176004860550165176e-02
5.175666417926549911e-02
5.175333749502897263e-02
5.174931045621633530e-02
5.174604989588260651e-02
5.174302775412797928e-02
5.173868313431739807e-02
5.173530522733926773e-02
5.173161346465349197e-02
5.172806046903133392e-02
5.172504018992185593e-02
5.172069743275642395e-02
