1.615711860358714971e-03
1.621476560831069903e-03
1.561847776174545314e-03
1.511876694858074180e-03
1.507279761135578216e-03
1.450820155441761043e-03
1.434484645724296492e-03
1.426523178815841762e-03
1.426273770630359693e-03
1.403610967099666639e-03
1.373843625187873936e-03
1.371402032673358891e-03
1.452755965292453844e-03
1.370158083736896550e-03
1.428815722465515093e-03
1.326644271612167306e-03
1.411083638668060320e-03
1.315833833068609298e-03
1.344408690929412920e-03
1.300355996936559781e-03
1.319211889058351499e-03
1.290660724043846044e-03
1.293717529624700650e-03
1.277933474630117520e-03
1.265307944267988257e-03
1.223941836506128346e-03
1.228727884590625780e-03
1.227875165641307761e-03
1.199434455484151788e-03
1.124750599265098580e-03
1.146295629441738181e-03
1.062051858752965927e-03
1.033622734248638118e-03
9.965517744421959530e-04
9.584710560739040028e-04
9.923176094889640114e-04
8.835583925247192166e-04
8.611435629427432884e-04
8.349024504423141957e-04
7.816673070192337080e-04
7.469723001122474887e-04
7.222607918083667712e-04
6.771134026348590677e-04
6.013634335249661922e-04
5.595950409770011685e-04
5.463240109384059386e-04
5.115510430186986923e-04
4.668707679957151261e-04
4.364883899688720942e-04
4.092479124665260098e-04
3.755132947117090377e-04
3.651901055127382409e-04
3.523804340511560310e-04
3.449317719787359086e-04
3.355510067194700458e-04
3.249665303155780099e-04
3.175637684762477875e-04
3.085436671972274694e-04
3.015940543264150836e-04
2.942085219547152476e-04
2.895101672038435828e-04
2.818887215107679562e-04
2.761796675622462988e-04
2.704795449972152818e-04
2.651729015633463729e-04
2.604110073298215888e-04
2.541209384799003861e-04
2.499878732487559297e-04
2.447782643139362097e-04
2.420829981565475594e-04
2.360521722584962812e-04
2.308974228799343120e-04
2.257719915360212207e-04
2.214067289605736808e-04
2.189668919891119036e-04
2.142385113984346444e-04
2.103735273703932860e-04
2.066780487075447949e-04
2.040046732872724587e-04
2.001884486526250763e-04
1.965667726472020117e-04
1.932733319699764284e-04
1.904822140932083141e-04
1.876517664641141783e-04
1.847201818600297007e-04
1.818823721259832306e-04
1.794152008369565108e-04
1.769085507839918006e-04
1.739902840927243135e-04
1.717063225805759517e-04
1.693322556093335152e-04
1.665913779288530393e-04
1.643319288268685363e-04
1.622340804897248626e-04
1.599508221261203397e-04
1.581453531980514516e-04
1.558736455626785668e-04
1.540276082232594577e-04
1.524448301643133294e-04
1.502661057747900508e-04
1.490301429294049664e-04
1.471740216948091951e-04
1.460873917676508307e-04
1.451428793370723822e-04
1.441089273430407058e-04
1.432417123578488762e-04
1.422676746733486674e-04
1.413856400176882635e-04
1.406098622828722022e-04
1.396933291107416218e-04
1.388942846097052173e-04
1.380127714946865960e-04
1.372762396931648168e-04
1.365170045755803466e-04
1.358152157627046184e-04
1.349054044112563242e-04
1.342567312531173273e-04
1.333342096768319488e-04
1.325335074216127298e-04
1.317584700882434726e-04
1.310288789682090282e-04
1.302364049479365295e-04
1.295332587324082819e-04
1.286912220530211850e-04
1.279948116280138558e-04
1.275322306901216529e-04
1.265995367430150498e-04
1.259600627236068195e-04
1.252583181485533725e-04
1.245396537706255891e-04
1.238013315014541247e-04
1.230864855460822702e-04
1.223731040954589800e-04
1.216787379235029248e-04
1.209898642264306567e-04
1.203485112637281380e-04
1.195792155340313928e-04
1.189577416516840425e-04
1.182495057582855246e-04
1.175752514973282781e-04
1.169553375802934116e-04
1.163420965895056725e-04
1.156476745381951289e-04
1.150183449499309128e-04
1.143734087236225578e-04
1.137827662751078627e-04
1.131684868596494225e-04
1.126107829622924339e-04
1.119377883151173624e-04
1.113736699335277124e-04
1.106724096462130557e-04
1.103511871770024278e-04
1.100445236079394828e-04
1.097895205020904595e-04
1.094414805993437805e-04
1.091285515576601023e-04
1.088353269733488522e-04
1.085596461780369293e-04
1.082689152099192170e-04
1.079403236508369386e-04
1.076687546446919506e-04
1.073998445644974725e-04
1.070836512371897763e-04
1.068041520193219245e-04
1.065280637703835937e-04
1.062617707066237964e-04
1.059382851235568458e-04
1.056889514438808024e-04
1.053956174291670279e-04
1.051024207845330287e-04
1.048357877880334919e-04
1.045984053052961783e-04
1.043002982623875130e-04
1.040174136869609388e-04
1.037002564407885123e-04
1.034594210796058216e-04
1.031522429548203967e-04
1.028698217123746915e-04
1.025956636294722600e-04
1.023290702141821406e-04
1.020552660338580673e-04
1.017768890596926153e-04
1.015084842219948758e-04
1.012268592603504631e-04
1.009572180919349221e-04
1.006628666073083813e-04
1.004102430306375075e-04
1.001463574357330837e-04
9.988432750105857470e-05
9.962340351194143512e-05
9.935860289260745320e-05
9.905654471367597472e-05
9.881913894787430113e-05
9.853132069110870090e-05
9.827058529481292042e-05
9.801891632378100861e-05
9.775989688932895606e-05
9.748275391757488034e-05
9.720830013975500410e-05
9.693696163594723127e-05
9.664062643423676870e-05
9.649699553847312981e-05
9.636465692892670360e-05
9.622697718441485708e-05
9.610868291929364747e-05
9.597090538591147011e-05
9.583853185176849040e-05
9.570130845531821034e-05
9.557970101013779694e-05
9.543313877657056343e-05
9.530735667794942422e-05
9.517487371340393370e-05
9.505303110927342772e-05
9.491981938481331305e-05
9.478913154453038519e-05
9.464911185204983354e-05
9.453720180317759568e-05
9.439779212698340253e-05
9.426603093743324713e-05
9.413031861186027852e-05
9.400085546076297218e-05
9.388083126395940239e-05
9.374545654281973459e-05
9.361535776406527108e-05
9.349170839414000891e-05
9.335637791082263589e-05
9.323524078354239410e-05
9.309140732511877743e-05
9.296731324866414233e-05
9.284736821427940726e-05
9.270030539482832605e-05
9.256966877728700909e-05
9.243816602975130623e-05
9.230144554749131257e-05
9.217501850798726136e-05
9.204463567584753308e-05
9.190559852868318070e-05
9.177970234304666682e-05
9.163383394479751750e-05
9.150967234745621410e-05
9.137141285464167161e-05
9.123076684772967696e-05
9.110444923862815012e-05
9.096793131902813424e-05
9.082998614758253260e-05
9.071391541510820118e-05
9.056933457031846426e-05
9.042906807735562650e-05
9.029153734445572170e-05
9.015990654006599838e-05
8.999543730169535171e-05
8.993204450234770829e-05
8.985626045614481243e-05
8.978592231869697029e-05
8.972141658887266842e-05
8.965074084699153900e-05
8.958385558798908754e-05
8.951792959123850248e-05
8.945335401222109361e-05
8.938276441767811504e-05
8.931645890697837310e-05
8.924174355342984091e-05
8.918396662920712774e-05
8.911284152418374798e-05
8.903861977159977447e-05
8.897236315533519116e-05
8.890789235010742924e-05
8.883279515430331501e-05
8.876106003299354965e-05
8.869081735610961318e-05
8.862419752404094393e-05
8.854723768308758519e-05
8.847432211041450663e-05
8.840001886710524613e-05
8.832477498799562888e-05
8.825123775750398473e-05
8.817690191790460944e-05
8.810802828520535881e-05
8.803288685157894980e-05
8.796072797849774632e-05
8.788343518972396417e-05
8.780825184658169909e-05
8.773318259045482224e-05
8.765903534367680604e-05
8.758889278396963911e-05
8.751363027840852575e-05
8.743524784222245867e-05
8.736424613744020842e-05
8.729358203709125898e-05
8.721644990146159855e-05
8.713861228898167393e-05
8.706586435437201966e-05
8.699339115992188887e-05
8.692955365404487253e-05
8.685096865519881411e-05
8.677153149619698850e-05
8.670159848406911547e-05
8.662533480674027963e-05
8.655352517962455695e-05
8.647957816720009338e-05
