1.102342208862304688e+03
1.097662384033203125e+03
1.171372009277343750e+03
1.184993347167968750e+03
1.184528228759765625e+03
1.203141632080078125e+03
1.193201354980468750e+03
1.234224212646484375e+03
1.283783874511718750e+03
1.310747406005859375e+03
1.369332153320312500e+03
1.410640167236328125e+03
1.473425903320312500e+03
1.544369110107421875e+03
1.600496643066406250e+03
1.640385192871093750e+03
1.687901611328125000e+03
1.683312835693359375e+03
1.766215728759765625e+03
1.796015228271484375e+03
1.771536407470703125e+03
1.857222808837890625e+03
1.845802490234375000e+03
1.753367614746093750e+03
1.767327606201171875e+03
1.662626312255859375e+03
1.653081451416015625e+03
2.864390930175781250e+03
2.476920776367187500e+03
2.342739471435546875e+03
2.227652160644531250e+03
2.104502838134765625e+03
1.893704467773437500e+03
1.877133117675781250e+03
1.520172637939453125e+03
1.372808959960937500e+03
1.156362319946289062e+03
9.936813507080078125e+02
8.083082122802734375e+02
6.913361816406250000e+02
6.279728393554687500e+02
5.334597778320312500e+02
4.572081146240234375e+02
4.129833831787109375e+02
3.403739700317382812e+02
2.972751693725585938e+02
2.617066268920898438e+02
2.318472290039062500e+02
2.047329597473144531e+02
1.823590049743652344e+02
1.666382865905761719e+02
1.570051155090332031e+02
1.493018798828125000e+02
1.420065536499023438e+02
1.354043960571289062e+02
1.291380004882812500e+02
1.235902309417724609e+02
1.180493793487548828e+02
1.132569885253906250e+02
1.086444549560546875e+02
1.040496940612792969e+02
9.998083114624023438e+01
9.622540664672851562e+01
9.258249855041503906e+01
8.905272102355957031e+01
8.583495903015136719e+01
8.274199485778808594e+01
7.957378005981445312e+01
7.667446517944335938e+01
7.407353782653808594e+01
7.131497001647949219e+01
6.887584686279296875e+01
6.663509368896484375e+01
6.436491775512695312e+01
6.241002941131591797e+01
6.036617183685302734e+01
5.873987865447998047e+01
5.679014015197753906e+01
5.511175537109375000e+01
5.339491939544677734e+01
5.169722175598144531e+01
5.005949115753173828e+01
4.856442260742187500e+01
4.712852382659912109e+01
4.570613956451416016e+01
4.438672351837158203e+01
4.305210590362548828e+01
4.185474014282226562e+01
4.068531227111816406e+01
3.961101245880126953e+01
3.854273700714111328e+01
3.750899696350097656e+01
3.660211372375488281e+01
3.545253181457519531e+01
3.452668762207031250e+01
3.358494377136230469e+01
3.267919254302978516e+01
3.181253051757812500e+01
3.106655693054199219e+01
3.035206127166748047e+01
2.946211242675781250e+01
2.910308456420898438e+01
2.872798871994018555e+01
2.836659097671508789e+01
2.802610683441162109e+01
2.768688344955444336e+01
2.733986711502075195e+01
2.701991415023803711e+01
2.670162916183471680e+01
2.639010858535766602e+01
2.608689117431640625e+01
2.578578615188598633e+01
2.548268318176269531e+01
2.517677259445190430e+01
2.489040565490722656e+01
2.459717226028442383e+01
2.431002283096313477e+01
2.403170824050903320e+01
2.375614547729492188e+01
2.349258327484130859e+01
2.320604896545410156e+01
2.293259811401367188e+01
2.266118001937866211e+01
2.239847230911254883e+01
2.214589500427246094e+01
2.188279724121093750e+01
2.164449405670166016e+01
2.137310218811035156e+01
2.113056421279907227e+01
2.088314151763916016e+01
2.063816118240356445e+01
2.039537715911865234e+01
2.016101503372192383e+01
1.992517328262329102e+01
1.969640016555786133e+01
1.946790456771850586e+01
1.925032567977905273e+01
1.902442741394042969e+01
1.879701662063598633e+01
1.858483171463012695e+01
1.837003087997436523e+01
1.815796422958374023e+01
1.793473815917968750e+01
1.773584985733032227e+01
1.752973651885986328e+01
1.732691955566406250e+01
1.712325716018676758e+01
1.692375469207763672e+01
1.672922086715698242e+01
1.653764438629150391e+01
1.633186292648315430e+01
1.623509645462036133e+01
1.614424800872802734e+01
1.605493664741516113e+01
1.596914291381835938e+01
1.588350057601928711e+01
1.579570984840393066e+01
1.571207880973815918e+01
1.562920832633972168e+01
1.554339718818664551e+01
1.546142220497131348e+01
1.537847304344177246e+01
1.529275798797607422e+01
1.521057510375976562e+01
1.512732696533203125e+01
1.504460024833679199e+01
1.496400666236877441e+01
1.488365268707275391e+01
1.480181932449340820e+01
1.472013807296752930e+01
1.464071083068847656e+01
1.456021094322204590e+01
1.447906255722045898e+01
1.439940619468688965e+01
1.431940579414367676e+01
1.424140834808349609e+01
1.416369390487670898e+01
1.408009791374206543e+01
1.400331091880798340e+01
1.392318105697631836e+01
1.384339141845703125e+01
1.376709103584289551e+01
1.368942546844482422e+01
1.361145710945129395e+01
1.353371953964233398e+01
1.345899081230163574e+01
1.338277649879455566e+01
1.330535268783569336e+01
1.322927260398864746e+01
1.315075016021728516e+01
1.307755851745605469e+01
1.300259852409362793e+01
1.292649912834167480e+01
1.285336470603942871e+01
1.277948236465454102e+01
1.270372986793518066e+01
1.263611721992492676e+01
1.255534529685974121e+01
1.248603439331054688e+01
1.240971112251281738e+01
1.233062815666198730e+01
1.229878473281860352e+01
1.226546001434326172e+01
1.223133873939514160e+01
1.220172548294067383e+01
1.216951084136962891e+01
1.213825058937072754e+01
1.210682725906372070e+01
1.207867646217346191e+01
1.204473948478698730e+01
1.201482820510864258e+01
1.198273897171020508e+01
1.195213365554809570e+01
1.192358827590942383e+01
1.189178919792175293e+01
1.185869741439819336e+01
1.182751727104187012e+01
1.179895901679992676e+01
1.176645708084106445e+01
1.173412132263183594e+01
1.170327162742614746e+01
1.167321634292602539e+01
1.164203238487243652e+01
1.160976743698120117e+01
1.157828950881958008e+01
1.154549431800842285e+01
1.151416969299316406e+01
1.148332667350769043e+01
1.145282292366027832e+01
1.141889786720275879e+01
1.138745141029357910e+01
1.135720539093017578e+01
1.132496643066406250e+01
1.129345202445983887e+01
1.126206874847412109e+01
1.122984075546264648e+01
1.119938731193542480e+01
1.116730165481567383e+01
1.113728284835815430e+01
1.110439705848693848e+01
1.107332015037536621e+01
1.104194736480712891e+01
1.101050662994384766e+01
1.097857117652893066e+01
1.094810318946838379e+01
1.091547822952270508e+01
1.088502812385559082e+01
1.085399627685546875e+01
1.082171821594238281e+01
1.078991723060607910e+01
1.075523090362548828e+01
1.074314594268798828e+01
1.073108363151550293e+01
1.071954250335693359e+01
1.070827698707580566e+01
1.069600343704223633e+01
1.068480157852172852e+01
1.067355036735534668e+01
1.066138911247253418e+01
1.065052080154418945e+01
1.063894152641296387e+01
1.062700200080871582e+01
1.061519622802734375e+01
1.060341191291809082e+01
1.059173989295959473e+01
1.057965016365051270e+01
1.056758046150207520e+01
1.055585885047912598e+01
1.054404878616333008e+01
1.053195452690124512e+01
1.051983880996704102e+01
1.050788235664367676e+01
1.049574685096740723e+01
1.048464560508728027e+01
1.047122430801391602e+01
1.045961380004882812e+01
1.044716334342956543e+01
1.043532609939575195e+01
1.042298841476440430e+01
1.041038727760314941e+01
1.039780521392822266e+01
1.038611578941345215e+01
1.037457466125488281e+01
1.036074328422546387e+01
1.034936475753784180e+01
1.033716678619384766e+01
1.032476449012756348e+01
1.031221795082092285e+01
1.029920792579650879e+01
1.028667616844177246e+01
1.027485513687133789e+01
1.026132941246032715e+01
1.024937558174133301e+01
1.023549079895019531e+01
1.022394824028015137e+01
1.021052980422973633e+01
1.019760918617248535e+01
1.018439340591430664e+01
1.017177224159240723e+01
1.015876626968383789e+01
