1.000187247991561890e+00
9.865809679031372070e-01
9.653660804033279419e-01
9.313323944807052612e-01
8.941715806722640991e-01
8.868527412414550781e-01
8.734220713376998901e-01
8.676190525293350220e-01
8.642801344394683838e-01
8.538337945938110352e-01
8.458086401224136353e-01
8.365321904420852661e-01
8.250816464424133301e-01
8.121119141578674316e-01
7.959071993827819824e-01
7.783026397228240967e-01
7.599937468767166138e-01
7.388906478881835938e-01
7.193266898393630981e-01
6.992192119359970093e-01
6.857726126909255981e-01
6.705106794834136963e-01
6.526206135749816895e-01
6.411498486995697021e-01
6.269529908895492554e-01
6.155334860086441040e-01
6.057070642709732056e-01
5.951021909713745117e-01
5.828486680984497070e-01
5.733145028352737427e-01
5.617036372423171997e-01
5.528600364923477173e-01
5.398677736520767212e-01
5.280577838420867920e-01
5.203934311866760254e-01
5.065329670906066895e-01
4.901209622621536255e-01
4.751585274934768677e-01
4.588267132639884949e-01
4.493689239025115967e-01
4.334722757339477539e-01
4.142653867602348328e-01
3.989914432168006897e-01
3.732096925377845764e-01
3.575945869088172913e-01
3.490662202239036560e-01
3.391445502638816833e-01
3.190942481160163879e-01
3.060451745986938477e-01
2.870173826813697815e-01
2.593018412590026855e-01
2.490787506103515625e-01
2.399670816957950592e-01
2.314079031348228455e-01
2.232716865837574005e-01
2.164674177765846252e-01
2.105327397584915161e-01
2.038363963365554810e-01
1.977637894451618195e-01
1.931058131158351898e-01
1.873263642191886902e-01
1.831039562821388245e-01
1.767906546592712402e-01
1.713937632739543915e-01
1.673959791660308838e-01
1.626457981765270233e-01
1.588110961019992828e-01
1.541443392634391785e-01
1.496355645358562469e-01
1.456988863646984100e-01
1.428606435656547546e-01
1.392783410847187042e-01
1.369274035096168518e-01
1.328678727149963379e-01
1.306400746107101440e-01
1.271191444247961044e-01
1.235858891159296036e-01
1.225284729152917862e-01
1.194126438349485397e-01
1.176632307469844818e-01
1.149314921349287033e-01
1.112139653414487839e-01
1.103379819542169571e-01
1.075826454907655716e-01
1.069177333265542984e-01
1.035385020077228546e-01
1.036538761109113693e-01
1.010242570191621780e-01
1.001507956534624100e-01
9.690064936876296997e-02
9.396231733262538910e-02
9.199734404683113098e-02
9.015716798603534698e-02
8.856279402971267700e-02
8.710776083171367645e-02
8.526315167546272278e-02
8.404621109366416931e-02
8.336916007101535797e-02
8.179186284542083740e-02
8.076150715351104736e-02
7.894490659236907959e-02
7.825650461018085480e-02
7.828688807785511017e-02
7.671768404543399811e-02
7.641348987817764282e-02
7.511540129780769348e-02
7.471868209540843964e-02
7.421626336872577667e-02
7.359340414404869080e-02
7.296303659677505493e-02
7.275692187249660492e-02
7.205464132130146027e-02
7.117319852113723755e-02
7.052327319979667664e-02
6.997144781053066254e-02
6.940010935068130493e-02
6.892348267138004303e-02
6.825283914804458618e-02
6.821791641414165497e-02
6.733734346926212311e-02
6.672966852784156799e-02
6.648652162402868271e-02
6.599269062280654907e-02
6.529762595891952515e-02
6.500176340341567993e-02
6.432249117642641068e-02
6.381380371749401093e-02
6.342696398496627808e-02
6.304824538528919220e-02
6.250346079468727112e-02
6.206997949630022049e-02
6.156523711979389191e-02
6.120544858276844025e-02
6.093371845781803131e-02
6.032228935509920120e-02
5.985069461166858673e-02
5.961254891008138657e-02
5.961157288402318954e-02
5.893991794437170029e-02
5.846105888485908508e-02
5.809490382671356201e-02
5.790440551936626434e-02
5.769110843539237976e-02
5.742084700614213943e-02
5.679974332451820374e-02
5.682755820453166962e-02
5.634059477597475052e-02
5.595846846699714661e-02
5.548724718391895294e-02
5.493098497390747070e-02
5.456790514290332794e-02
5.449206288903951645e-02
5.423257406800985336e-02
5.400341376662254333e-02
5.386595521122217178e-02
5.370937660336494446e-02
5.355412326753139496e-02
5.348500143736600876e-02
5.317845195531845093e-02
5.308514833450317383e-02
5.289083532989025116e-02
5.274594947695732117e-02
5.262009054422378540e-02
5.245317611843347549e-02
5.240411683917045593e-02
5.222358088940382004e-02
5.212931148707866669e-02
5.205067526549100876e-02
5.208275467157363892e-02
5.171661637723445892e-02
5.158892925828695297e-02
5.141977779567241669e-02
5.129610840231180191e-02
5.120111536234617233e-02
5.097121372818946838e-02
5.083933286368846893e-02
5.071947351098060608e-02
5.063993111252784729e-02
5.055297724902629852e-02
5.033482518047094345e-02
5.036097764968872070e-02
5.004813801497220993e-02
4.995204135775566101e-02
5.001817271113395691e-02
4.993433412164449692e-02
4.955439828336238861e-02
4.951025638729333878e-02
4.920779634267091751e-02
4.913586843758821487e-02
4.900377802550792694e-02
4.886509664356708527e-02
4.878718778491020203e-02
4.861052334308624268e-02
4.853451438248157501e-02
4.847015067934989929e-02
4.847746435552835464e-02
4.827001411467790604e-02
4.811753239482641220e-02
4.798849485814571381e-02
4.780831467360258102e-02
4.764587897807359695e-02
4.752674140036106110e-02
4.741914197802543640e-02
4.737155791372060776e-02
4.730465728789567947e-02
4.725049249827861786e-02
4.720763210207223892e-02
4.710855521261692047e-02
4.706872999668121338e-02
4.702098015695810318e-02
4.696046654134988785e-02
4.689377266913652420e-02
4.689376242458820343e-02
4.680811893194913864e-02
4.674325697124004364e-02
4.666039347648620605e-02
4.665338899940252304e-02
4.659596178680658340e-02
4.649991355836391449e-02
4.641030821949243546e-02
4.638075549155473709e-02
4.635974299162626266e-02
4.632053058594465256e-02
4.627122450619935989e-02
4.617435485124588013e-02
4.609075188636779785e-02
4.607124160975217819e-02
4.602725524455308914e-02
4.593522008508443832e-02
4.590283893048763275e-02
4.583643376827239990e-02
4.586444143205881119e-02
4.580325540155172348e-02
4.578907135874032974e-02
4.578222334384918213e-02
4.559875745326280594e-02
4.553222563117742538e-02
4.543883912265300751e-02
4.539084434509277344e-02
4.538436140865087509e-02
4.525353014469146729e-02
4.524428676813840866e-02
4.518004599958658218e-02
4.513520840555429459e-02
4.516075365245342255e-02
4.520281683653593063e-02
4.503488074988126755e-02
4.493534285575151443e-02
4.498361796140670776e-02
4.493313562124967575e-02
4.480212088674306870e-02
4.467801470309495926e-02
4.466463718563318253e-02
4.462428856641054153e-02
4.459823761135339737e-02
4.456118959933519363e-02
4.453910700976848602e-02
4.450516495853662491e-02
4.449713230133056641e-02
4.445668682456016541e-02
4.444407019764184952e-02
4.442529194056987762e-02
4.442894458770751953e-02
4.436844121664762497e-02
4.435258731245994568e-02
4.433161020278930664e-02
4.428857285529375076e-02
4.427126049995422363e-02
4.426402505487203598e-02
4.420224577188491821e-02
4.417952708899974823e-02
4.417768400162458420e-02
4.415118228644132614e-02
4.416552465409040451e-02
4.405852034687995911e-02
4.405806120485067368e-02
4.401593189686536789e-02
4.400010686367750168e-02
4.397239070385694504e-02
4.393808450549840927e-02
4.392232839018106461e-02
4.387677833437919617e-02
4.384942539036273956e-02
4.382617399096488953e-02
4.379859473556280136e-02
4.381260182708501816e-02
4.373124055564403534e-02
4.375444259494543076e-02
4.370095673948526382e-02
4.367663525044918060e-02
4.367405362427234650e-02
4.359928797930479050e-02
4.360196925699710846e-02
4.358440730720758438e-02
4.352494142949581146e-02
4.351580236107110977e-02
4.349949210882186890e-02
4.344611242413520813e-02
4.343335423618555069e-02
4.340215679258108139e-02
4.335764702409505844e-02
4.334968887269496918e-02
4.333334602415561676e-02
4.332605935633182526e-02
4.330243729054927826e-02
4.329510405659675598e-02
4.328398592770099640e-02
4.326909128576517105e-02
4.325281642377376556e-02
4.325481131672859192e-02
4.324074182659387589e-02
4.321563523262739182e-02
4.320713784545660019e-02
4.321536887437105179e-02
4.316603671759366989e-02
4.318393766880035400e-02
4.316288791596889496e-02
4.316032025963068008e-02
4.312203079462051392e-02
4.312213324010372162e-02
4.310266394168138504e-02
4.308787267655134201e-02
4.308079648762941360e-02
4.307761508971452713e-02
4.306873399764299393e-02
4.303304664790630341e-02
4.301438294351100922e-02
4.300675634294748306e-02
4.298559948801994324e-02
4.297444503754377365e-02
4.295656178146600723e-02
4.294789303094148636e-02
4.293960798531770706e-02
4.291762225329875946e-02
4.291031230241060257e-02
4.289034660905599594e-02
4.287675209343433380e-02
4.287085030227899551e-02
4.286124650388956070e-02
4.284005053341388702e-02
4.285038169473409653e-02
4.281309619545936584e-02
4.280800931155681610e-02
4.278591647744178772e-02
4.277705494314432144e-02
4.276231117546558380e-02
4.275190737098455429e-02
4.273213818669319153e-02
4.271463491022586823e-02
4.270642157644033432e-02
4.268102906644344330e-02
4.267674498260021210e-02
4.266291204839944839e-02
4.266123846173286438e-02
4.265464097261428833e-02
4.264530260115861893e-02
4.264118894934654236e-02
4.262934997677803040e-02
4.262260999530553818e-02
4.261604696512222290e-02
4.260982014238834381e-02
4.260274674743413925e-02
4.259537067264318466e-02
4.258945211768150330e-02
4.258131235837936401e-02
4.257677122950553894e-02
4.256648290902376175e-02
4.255934897810220718e-02
4.255505371838808060e-02
4.255046509206295013e-02
4.253906197845935822e-02
4.253405705094337463e-02
4.253095295280218124e-02
4.251873306930065155e-02
4.251111485064029694e-02
4.250318557024002075e-02
4.250398650765419006e-02
4.249138105660676956e-02
4.248507879674434662e-02
4.247569479048252106e-02
4.247236438095569611e-02
4.246730543673038483e-02
4.245879501104354858e-02
4.245031438767910004e-02
4.244348406791687012e-02
4.243376292288303375e-02
4.242565762251615524e-02
4.242032300680875778e-02
4.241263959556818008e-02
4.240780416876077652e-02
4.239751026034355164e-02
4.238924384117126465e-02
4.238828830420970917e-02
4.237987007945775986e-02
4.237542115151882172e-02
4.236195236444473267e-02
4.235570225864648819e-02
4.235194809734821320e-02
4.234177246689796448e-02
4.233433213084936142e-02
4.232553485780954361e-02
4.231695272028446198e-02
4.231490101665258408e-02
4.231053777039051056e-02
4.230848234146833420e-02
4.230311699211597443e-02
4.229953233152627945e-02
4.229775723069906235e-02
4.229450877755880356e-02
4.228848312050104141e-02
4.228516854345798492e-02
4.228103812783956528e-02
4.227704461663961411e-02
4.227566346526145935e-02
4.227070789784193039e-02
4.226704873144626617e-02
4.226355999708175659e-02
4.225933086127042770e-02
4.225684236735105515e-02
4.225286561995744705e-02
4.224980715662240982e-02
4.224539175629615784e-02
4.224028252065181732e-02
4.223814420402050018e-02
4.223243054002523422e-02
4.222819115966558456e-02
4.222645517438650131e-02
4.222353920340538025e-02
4.221731889992952347e-02
4.221552796661853790e-02
4.221193864941596985e-02
4.220752790570259094e-02
4.220674093812704086e-02
4.220225661993026733e-02
4.219563398510217667e-02
4.219120275229215622e-02
4.218867328017950058e-02
4.218331817537546158e-02
4.218074958771467209e-02
4.217667132616043091e-02
4.217344615608453751e-02
4.217074066400527954e-02
4.216933995485305786e-02
4.216407332569360733e-02
4.215708468109369278e-02
4.215177986770868301e-02
4.215188510715961456e-02
4.214541800320148468e-02
4.214246664196252823e-02
4.214006010442972183e-02
4.213169217109680176e-02
4.212903510779142380e-02
4.212905280292034149e-02
4.212775640189647675e-02
4.212628304958343506e-02
4.212256241589784622e-02
4.212128464132547379e-02
4.211869649589061737e-02
4.211821313947439194e-02
4.211558308452367783e-02
4.211219400167465210e-02
4.211116861552000046e-02
4.211083147674798965e-02
4.210864566266536713e-02
4.210528545081615448e-02
4.210225120186805725e-02
4.210148472338914871e-02
4.209838248789310455e-02
4.209760669618844986e-02
4.209533520042896271e-02
4.209315031766891479e-02
4.209116473793983459e-02
4.209154006093740463e-02
4.208694957196712494e-02
4.208446759730577469e-02
4.208390694111585617e-02
4.208170995116233826e-02
4.207937326282262802e-02
4.207643587142229080e-02
4.207462444901466370e-02
4.207203537225723267e-02
4.207153618335723877e-02
4.206878505647182465e-02
4.206911753863096237e-02
4.206550214439630508e-02
4.206734336912631989e-02
4.206048790365457535e-02
4.205945599824190140e-02
4.205849114805459976e-02
4.205632302910089493e-02
4.205302335321903229e-02
4.205109737813472748e-02
4.204834531992673874e-02
4.204803425818681717e-02
4.204484261572360992e-02
4.204261768609285355e-02
4.204019159078598022e-02
4.203945491462945938e-02
4.203925840556621552e-02
4.203406162559986115e-02
