1.615546792745590132e-03
1.565822772681713018e-03
1.535551995038986119e-03
1.519020497798919756e-03
1.456587947905063542e-03
1.447227746248245205e-03
1.419864781200885729e-03
1.395792290568351798e-03
1.392679885029792690e-03
1.382396556437015533e-03
1.366192623972892683e-03
1.366992704570293418e-03
1.362171098589897225e-03
1.361417435109615404e-03
1.348375119268894204e-03
1.330653019249439283e-03
1.332845762372016898e-03
1.307392213493585543e-03
1.309069432318210689e-03
1.287364475429058144e-03
1.286644041538238543e-03
1.268960181623697385e-03
1.240896526724100113e-03
1.223730426281690632e-03
1.192045900970697438e-03
1.153907943516969655e-03
1.135596204549074078e-03
1.080970223993062921e-03
1.135917510837316418e-03
1.086853407323360408e-03
1.040066760033369004e-03
9.909885562956334114e-04
9.520427510142326312e-04
9.911954402923583984e-04
1.102100629359483754e-03
1.014167219400405892e-03
9.993067011237143603e-04
9.574172273278236779e-04
8.899660781025886969e-04
9.079596959054470496e-04
9.513357281684875141e-04
9.505382552742958546e-04
9.531423076987266627e-04
9.238779544830322482e-04
8.385238237679004452e-04
7.922531664371490348e-04
7.493924163281917399e-04
7.122554071247578058e-04
7.045650854706764221e-04
7.044233009219169703e-04
6.610486190766096549e-04
6.630322895944118500e-04
6.522105634212493983e-04
6.003703456372022629e-04
5.614374950528145227e-04
5.405840277671814442e-04
5.230393074452877522e-04
5.079677514731883742e-04
4.850359261035919059e-04
5.170125328004360026e-04
5.381017085164785906e-04
4.848375078290700891e-04
5.294573679566383535e-04
4.875529371201991861e-04
4.675896465778350808e-04
4.781937226653098843e-04
4.401614982634782769e-04
4.259038064628839319e-04
3.991379123181104725e-04
4.018041584640741283e-04
4.012204706668853868e-04
3.860666602849960175e-04
3.572486154735088609e-04
3.612638916820287921e-04
3.642761893570423278e-04
3.616174776107072809e-04
3.527722461149096511e-04
3.288027364760637283e-04
3.647366538643836975e-04
3.391533438116312070e-04
3.421280067414045551e-04
3.429861646145582438e-04
3.152076946571469285e-04
3.289344208315015013e-04
3.387715900316834233e-04
3.237978368997574113e-04
3.202508157119154995e-04
2.989109465852379777e-04
3.414312144741415761e-04
3.145099477842450012e-04
2.818618016317486698e-04
3.110521379858255408e-04
2.680299803614616394e-04
3.035720484331250234e-04
2.911083726212382186e-04
2.783095696941018105e-04
2.746791951358318134e-04
2.834753552451729514e-04
2.837383793666958939e-04
2.904543839395046408e-04
2.374855428934097323e-04
2.296485891565680623e-04
2.237044833600520958e-04
2.190858591347932761e-04
2.155065722763538480e-04
2.126028621569275780e-04
2.081544091925024997e-04
2.059244830161333182e-04
2.040437096729874741e-04
2.014496317133307359e-04
1.993449591100215814e-04
1.973543176427483483e-04
1.977234566584229534e-04
1.943877618759870432e-04
1.943680923432111686e-04
1.971632568165659883e-04
2.008430287241935708e-04
1.891380175948142951e-04
1.877106400206685196e-04
1.910557504743337523e-04
1.945770997554063862e-04
1.941640721634030266e-04
1.909920759499072964e-04
1.818762766197323875e-04
1.823124336078762878e-04
2.015085471794009198e-04
1.807367708534002347e-04
1.941837230697274186e-04
1.774107688106596361e-04
1.911776466295123079e-04
1.853032037615775954e-04
1.846960280090570504e-04
1.882361015304923112e-04
1.729163550771772786e-04
1.868692506104707599e-04
1.791126979514956594e-04
1.694620493799447927e-04
1.915867370553314729e-04
1.911856909282505599e-04
1.888263202272355546e-04
1.775124296545982263e-04
1.862519397400319555e-04
1.899618003517389232e-04
1.816624263301491857e-04
1.834469195455312772e-04
1.779546216130256718e-04
1.629395643249154037e-04
1.754428958520293236e-04
1.661139680072665345e-04
1.805588509887456861e-04
1.646191067993641019e-04
1.626797649078071161e-04
1.598063623532652801e-04
1.568173361010849378e-04
1.543726189993321841e-04
1.533924182876944640e-04
1.519320020452141718e-04
1.511211739853024483e-04
1.502783270552754402e-04
1.495166867971420353e-04
1.490139495581388560e-04
1.483834069222211849e-04
1.479185582138597954e-04
1.473771245218813539e-04
1.469091395847499262e-04
1.464124140329659050e-04
1.459284988231956970e-04
1.454309839755296588e-04
1.450684363953769077e-04
1.447884063236415321e-04
1.441765925846993923e-04
1.437924662604927887e-04
1.437178696505725492e-04
1.431519887410104242e-04
1.427046186290681460e-04
1.420117937959730647e-04
1.414948119781911297e-04
1.412565354257821928e-04
1.405985699966549895e-04
1.404026825912296891e-04
1.398110925219952941e-04
1.396515546366572348e-04
1.391216902993619409e-04
1.386997802183032079e-04
1.382182934321463216e-04
1.378819113597273935e-04
1.374289556406438340e-04
1.370499376207590103e-04
1.371507695876061797e-04
1.362401759251952117e-04
1.360928243957459883e-04
1.358908833935856873e-04
1.353645185008645177e-04
1.347417524084448912e-04
1.342286751605570360e-04
1.339224679395556439e-04
1.335204974748194315e-04
1.335459249094128620e-04
1.329974806867539785e-04
1.325904927216470144e-04
1.321361004374921279e-04
1.316476077772677042e-04
1.313234888948500081e-04
1.310922810807824265e-04
1.309365080669522329e-04
1.305840630084276264e-04
1.304796547628939098e-04
1.303067058324813930e-04
1.301132049411535176e-04
1.299516391009092418e-04
1.295586186461150711e-04
1.292749121785163923e-04
1.290320139378309315e-04
1.288160332478582913e-04
1.286330097354948401e-04
1.283907028846442689e-04
1.282416866160929149e-04
1.280019502155482639e-04
1.278154132887721105e-04
1.275665615685284051e-04
1.273657660931348909e-04
1.272073644213378364e-04
1.269852300174534397e-04
1.267508347518741954e-04
1.266169338487088604e-04
1.263453206047415777e-04
1.261956803500652194e-04
1.259224419482052370e-04
1.257217884995043213e-04
1.255303062498569619e-04
1.253580907359719331e-04
1.251645130105316617e-04
1.249593100510537679e-04
1.247144001536071344e-04
1.244971505366265644e-04
1.244087656959891222e-04
1.241928758099675103e-04
1.239743106998503176e-04
1.238273968920111645e-04
1.236357609741389860e-04
1.234652264975011316e-04
1.231788937002420306e-04
1.229671388864517136e-04
1.227931724861264305e-04
1.226170337758958394e-04
1.225781044922768961e-04
1.222717296332120798e-04
1.219988660886883768e-04
1.218487764708697818e-04
1.216794829815626199e-04
1.215609861537814189e-04
1.214267290197312870e-04
1.211684313602745560e-04
1.210471778176724873e-04
1.209239475429058129e-04
1.208139373920857847e-04
1.207250705920159773e-04
1.206174911931157096e-04
1.205479586496949147e-04
1.204330939799547223e-04
1.203785045072436311e-04
1.202539261430501922e-04
1.201784168370068062e-04
1.200951216742396344e-04
1.199679030105471546e-04
1.198482839390635539e-04
1.197488326579332368e-04
1.196604361757636011e-04
1.195624051615595807e-04
1.194566371850669330e-04
1.193750719539821213e-04
1.193128689192235459e-04
1.192357926629483738e-04
1.191187812946736856e-04
1.189935486763715798e-04
1.189391128718852943e-04
1.188079104758799136e-04
1.187350088730454402e-04
1.186308846808970018e-04
1.185324764810502497e-04
1.184197119437158059e-04
1.183318137191236063e-04
1.182207185775041569e-04
1.181301940232515351e-04
1.180324051529169099e-04
1.179544953629374531e-04
1.178421825170516984e-04
1.177540654316544500e-04
1.177199115045368633e-04
1.176106277853250476e-04
1.175002637319266747e-04
1.173993712291121532e-04
1.173611124977469477e-04
1.172008854337036545e-04
1.171990716829895957e-04
1.170506374910473764e-04
1.169789582490920993e-04
1.168200443498790307e-04
1.167694921605289037e-04
1.166778244078159338e-04
1.165783614851534367e-04
1.164371287450194299e-04
1.163513818755745899e-04
1.163343363441526852e-04
1.162608107551932346e-04
1.162329083308577489e-04
1.161894761025905609e-04
1.161298854276537890e-04
1.160815358161926324e-04
1.160277891904115671e-04
1.159805990755558025e-04
1.159335020929574912e-04
1.158706285059452051e-04
1.158360019326210082e-04
1.157791516743600331e-04
1.157324272207915761e-04
1.156815676949918243e-04
1.156281400471925773e-04
1.155974133871495691e-04
1.155465305782854573e-04
1.155116269364952981e-04
1.154685486108064684e-04
1.154094329103827455e-04
1.153608760796487337e-04
1.152898487634956848e-04
1.152519811876118161e-04
1.152005186304450084e-04
1.151748350821435506e-04
1.151195424608886204e-04
1.150947692804038568e-04
1.150676957331597783e-04
1.149642677046358629e-04
1.149312546476721720e-04
1.148585067130625313e-04
1.148121710866689725e-04
1.147468644194305008e-04
1.147053646855056237e-04
1.146554504521191061e-04
1.146070612594485321e-04
1.145563088357448524e-04
1.145167066715657733e-04
1.144522032700478966e-04
1.144231949001550685e-04
1.143556414172053315e-04
1.143003092147409976e-04
1.142451213672757143e-04
1.142096216790378153e-04
1.141815958544611866e-04
1.141082216054201164e-04
1.140897185541689363e-04
1.139928703196346814e-04
1.139621459878981119e-04
1.139405579306185180e-04
1.139138941653072861e-04
1.138828229159116745e-04
1.138604991137981404e-04
1.138328644447028621e-04
1.138097071088850433e-04
1.137928850948810512e-04
1.137559372000396317e-04
1.137307262979447842e-04
1.137093105353415056e-04
1.136784441769123104e-04
1.136652380228042559e-04
1.136318198405206231e-04
1.136178616434335709e-04
1.135792303830385246e-04
1.135600125417113255e-04
1.135305571369826859e-04
1.135188224725425254e-04
1.134799816645681853e-04
1.134561607614159584e-04
1.134185330010950598e-04
1.133942906744778200e-04
1.133868517354130761e-04
1.133448421023786100e-04
1.133215334266424244e-04
1.132935937494039601e-04
1.132701546885073152e-04
1.132413628511130837e-04
1.132111181505024406e-04
1.131870900280773585e-04
1.131676952354609939e-04
1.131480070762336232e-04
1.131120766513049565e-04
1.130892871879041146e-04
1.130605558864772352e-04
1.130324881523847640e-04
1.130058499984443171e-04
1.129814633168280130e-04
1.129571418277919249e-04
1.129262102767825137e-04
1.129001728259026977e-04
1.128692016936838692e-04
1.128502818755805536e-04
1.128243678249418670e-04
1.128026377409696612e-04
1.127652591094374602e-04
1.127378828823566480e-04
1.127191213890910154e-04
1.126808533445000686e-04
1.126676634885370715e-04
1.126540987752377949e-04
1.126404851675033596e-04
1.126250019297003773e-04
1.126120239496231128e-04
1.125991041772067482e-04
1.125842449255287701e-04
1.125732110813260100e-04
1.125586684793233844e-04
1.125425263307988579e-04
1.125382725149393109e-04
1.125176623463630660e-04
1.125026680529117649e-04
1.124945050105452472e-04
1.124758622609078938e-04
1.124658691696822600e-04
1.124507468193769520e-04
1.124351564794778840e-04
1.124213868752121909e-04
1.124089630320668237e-04
1.123940316028892999e-04
1.123809092678129711e-04
1.123649883083999184e-04
1.123523409478366386e-04
1.123363268561661189e-04
1.123255072161555301e-04
1.123068318702280483e-04
1.122997421771287853e-04
1.122834370471537119e-04
1.122652925550937674e-04
1.122541096992790656e-04
1.122412667609751241e-04
1.122267823666334120e-04
1.122093386948108679e-04
1.122028310783207395e-04
1.121829426847398297e-04
1.121733523905277263e-04
1.121558365412056500e-04
1.121381949633359920e-04
1.121257315389811938e-04
1.121124648489058007e-04
1.120977639220654921e-04
1.120834029279649231e-04
1.120699639432132282e-04
1.120522501878440380e-04
1.120430929586291275e-04
1.120273349806666353e-04
1.120112882927060144e-04
1.120013301260769340e-04
1.119819609448313681e-04
1.119710854254663045e-04
1.119665359146892992e-04
1.119610108435153972e-04
1.119517441838979759e-04
1.119438977912068378e-04
1.119352108798921125e-04
1.119270990602672057e-04
1.119205402210354800e-04
1.119146915152668958e-04
1.119067124091088734e-04
1.118997647427022495e-04
1.118917879648506658e-04
1.118844933807849862e-04
1.118785049766302152e-04
1.118735270574688944e-04
1.118620042689144666e-04
1.118542300537228606e-04
1.118461880832910473e-04
1.118396478705108177e-04
1.118344184942543469e-04
1.118248584680259195e-04
1.118175685405731174e-04
1.118130492977798018e-04
1.118041831068694586e-04
1.117966906167566787e-04
1.117840106599032841e-04
1.117827044799923891e-04
1.117757242172956505e-04
1.117651117965579033e-04
1.117569929920136939e-04
1.117503386922180626e-04
1.117426133714616288e-04
1.117346459068357999e-04
1.117264851927757209e-04
1.117209088988602216e-04
1.117117586545646136e-04
1.117039332166314103e-04
1.116955257020890724e-04
1.116897654719650778e-04
1.116808759979903747e-04
1.116708968766033595e-04
1.116737490519881194e-04
1.116621494293212956e-04
1.116484939120709907e-04
1.116448990069329744e-04
1.116351620294153679e-04
1.116246823221445051e-04
1.116178138181567160e-04
1.116119138896465345e-04
