1.006649866700172424e+00
9.846277534961700439e-01
9.643327146768569946e-01
9.389980733394622803e-01
8.964785486459732056e-01
8.578741401433944702e-01
8.344994485378265381e-01
8.272519260644912720e-01
8.171053975820541382e-01
8.086861073970794678e-01
7.987723201513290405e-01
7.978341877460479736e-01
7.948455065488815308e-01
7.826062291860580444e-01
7.810025066137313843e-01
7.729564905166625977e-01
7.642348557710647583e-01
7.653177827596664429e-01
7.631880640983581543e-01
7.472917139530181885e-01
7.373926788568496704e-01
7.218012809753417969e-01
7.027230709791183472e-01
7.039663791656494141e-01
6.766671687364578247e-01
6.528294235467910767e-01
6.436124294996261597e-01
6.113433837890625000e-01
6.445137858390808105e-01
6.189692169427871704e-01
5.765882432460784912e-01
5.566937476396560669e-01
5.298090428113937378e-01
5.427115410566329956e-01
6.359180659055709839e-01
5.801542252302169800e-01
5.667792409658432007e-01
5.260682553052902222e-01
4.857619926333427429e-01
5.074745938181877136e-01
5.384688824415206909e-01
5.340630412101745605e-01
5.241481438279151917e-01
5.071223601698875427e-01
4.538852572441101074e-01
4.313995242118835449e-01
4.093817397952079773e-01
3.854936212301254272e-01
3.907827958464622498e-01
3.870639428496360779e-01
3.627996444702148438e-01
3.740156665444374084e-01
3.538073301315307617e-01
3.210579901933670044e-01
3.001636266708374023e-01
2.900490686297416687e-01
2.814965546131134033e-01
2.748300433158874512e-01
2.621455751359462738e-01
2.876565791666507721e-01
2.977951914072036743e-01
2.670967876911163330e-01
2.975182346999645233e-01
2.766566090285778046e-01
2.602295577526092529e-01
2.683605626225471497e-01
2.436598651111125946e-01
2.347393035888671875e-01
2.195769548416137695e-01
2.263961359858512878e-01
2.281151972711086273e-01
2.162032723426818848e-01
1.994074508547782898e-01
2.047802507877349854e-01
2.048842385411262512e-01
2.069443054497241974e-01
2.017267271876335144e-01
1.834646910429000854e-01
2.122163996100425720e-01
1.944317854940891266e-01
1.946183815598487854e-01
1.969119496643543243e-01
1.803212016820907593e-01
1.896635219454765320e-01
1.963058896362781525e-01
1.894426271319389343e-01
1.862055808305740356e-01
1.703679785132408142e-01
2.047808356583118439e-01
1.812621578574180603e-01
1.621207445859909058e-01
1.819510310888290405e-01
1.541974991559982300e-01
1.790463663637638092e-01
1.695303246378898621e-01
1.621181741356849670e-01
1.618078276515007019e-01
1.666428893804550171e-01
1.685846820473670959e-01
1.729508079588413239e-01
1.386027745902538300e-01
1.343083940446376801e-01
1.312062479555606842e-01
1.281403116881847382e-01
1.257431767880916595e-01
1.245251037180423737e-01
1.218600496649742126e-01
1.207436770200729370e-01
1.198765747249126434e-01
1.183665692806243896e-01
1.172963213175535202e-01
1.162505149841308594e-01
1.167333461344242096e-01
1.147653963416814804e-01
1.150156427174806595e-01
1.167369559407234192e-01
1.188807245343923569e-01
1.123157776892185211e-01
1.115666236728429794e-01
1.135814376175403595e-01
1.167987100780010223e-01
1.163715608417987823e-01
1.136998645961284637e-01
1.087963078171014786e-01
1.094302684068679810e-01
1.209717653691768646e-01
1.083128899335861206e-01
1.170438602566719055e-01
1.064855139702558517e-01
1.155484355986118317e-01
1.116500124335289001e-01
1.113974824547767639e-01
1.145136766135692596e-01
1.041721999645233154e-01
1.129603348672389984e-01
1.077728047966957092e-01
1.025768313556909561e-01
1.158902104943990707e-01
1.156276166439056396e-01
1.147428266704082489e-01
1.073521133512258530e-01
1.132690533995628357e-01
1.149472147226333618e-01
1.102231796830892563e-01
1.113895326852798462e-01
1.082592252641916275e-01
9.956499747931957245e-02
1.067156419157981873e-01
1.011535115540027618e-01
1.104408446699380875e-01
1.006385646760463715e-01
9.925296530127525330e-02
9.736931324005126953e-02
9.568487852811813354e-02
9.426480345427989960e-02
9.381112270057201385e-02
9.295766428112983704e-02
9.248526021838188171e-02
9.195405989885330200e-02
9.155925735831260681e-02
9.126684069633483887e-02
9.093700163066387177e-02
9.064742177724838257e-02
9.035660699009895325e-02
9.010931290686130524e-02
8.981918729841709137e-02
8.957488834857940674e-02
8.931257762014865875e-02
8.909747190773487091e-02
8.896587416529655457e-02
8.862413838505744934e-02
8.842461183667182922e-02
8.844381384551525116e-02
8.806955441832542419e-02
8.785849250853061676e-02
8.747473731637001038e-02
8.716388605535030365e-02
8.701603114604949951e-02
8.669608086347579956e-02
8.653803355991840363e-02
8.626807481050491333e-02
8.616771548986434937e-02
8.587097004055976868e-02
8.565708436071872711e-02
8.543655835092067719e-02
8.516461029648780823e-02
8.493920788168907166e-02
8.472678810358047485e-02
8.476119861006736755e-02
8.433481678366661072e-02
8.426216989755630493e-02
8.407524600625038147e-02
8.384533599019050598e-02
8.348195068538188934e-02
8.317948877811431885e-02
8.305661380290985107e-02
8.276558294892311096e-02
8.279711194336414337e-02
8.254556171596050262e-02
8.219704963266849518e-02
8.192082494497299194e-02
8.173169940710067749e-02
8.156132139265537262e-02
8.138888143002986908e-02
8.128691837191581726e-02
8.115346357226371765e-02
8.108949102461338043e-02
8.098234422504901886e-02
8.085976168513298035e-02
8.077074773609638214e-02
8.057872764766216278e-02
8.041352033615112305e-02
8.026333712041378021e-02
8.014105074107646942e-02
8.001139387488365173e-02
7.991734705865383148e-02
7.981835119426250458e-02
7.967333309352397919e-02
7.956097088754177094e-02
7.943617552518844604e-02
7.931467331945896149e-02
7.921809516847133636e-02
7.912025973200798035e-02
7.897986099123954773e-02
7.889994420111179352e-02
7.875675894320011139e-02
7.865892909467220306e-02
7.852486521005630493e-02
7.840544730424880981e-02
7.829638943076133728e-02
7.818171009421348572e-02
7.807267084717750549e-02
7.797485031187534332e-02
7.783383876085281372e-02
7.773475907742977142e-02
7.765062525868415833e-02
7.752929255366325378e-02
7.742051966488361359e-02
7.733672298491001129e-02
7.724249176681041718e-02
7.713226787745952606e-02
7.696093246340751648e-02
7.685560733079910278e-02
7.675372250378131866e-02
7.665855251252651215e-02
7.660176791250705719e-02
7.648035511374473572e-02
7.635496184229850769e-02
7.623644918203353882e-02
7.612687908113002777e-02
7.603498175740242004e-02
7.593564502894878387e-02
7.584173046052455902e-02
7.578531466424465179e-02
7.569474726915359497e-02
7.563611865043640137e-02
7.557387650012969971e-02
7.552134245634078979e-02
7.548557966947555542e-02
7.541341707110404968e-02
7.538234442472457886e-02
7.531798444688320160e-02
7.527016103267669678e-02
7.521998696029186249e-02
7.514198310673236847e-02
7.507972791790962219e-02
7.502545416355133057e-02
7.497890107333660126e-02
7.492562383413314819e-02
7.487035356462001801e-02
7.481648959219455719e-02
7.477403245866298676e-02
7.473192177712917328e-02
7.466528564691543579e-02
7.460914179682731628e-02
7.456580922007560730e-02
7.449316419661045074e-02
7.444932125508785248e-02
7.439554110169410706e-02
7.435538806021213531e-02
7.427944056689739227e-02
7.422866672277450562e-02
7.417207024991512299e-02
7.411256060004234314e-02
7.406737096607685089e-02
7.400903850793838501e-02
7.396399416029453278e-02
7.390076294541358948e-02
7.388149201869964600e-02
7.383207790553569794e-02
7.376848347485065460e-02
7.371443323791027069e-02
7.366918772459030151e-02
7.358678616583347321e-02
7.356366701424121857e-02
7.351086847484111786e-02
7.345967926084995270e-02
7.337987050414085388e-02
7.332764379680156708e-02
7.329257950186729431e-02
7.321344502270221710e-02
7.316786609590053558e-02
7.311984337866306305e-02
7.309100031852722168e-02
7.305891625583171844e-02
7.303750142455101013e-02
7.301805540919303894e-02
7.298193685710430145e-02
7.295833900570869446e-02
7.292092218995094299e-02
7.289508357644081116e-02
7.286528870463371277e-02
7.284121029078960419e-02
7.281036302447319031e-02
7.278629951179027557e-02
7.275686971843242645e-02
7.272978872060775757e-02
7.270204834640026093e-02
7.267626561224460602e-02
7.264708727598190308e-02
7.263328693807125092e-02
7.260085083544254303e-02
7.257573679089546204e-02
7.254506461322307587e-02
7.251425459980964661e-02
7.248948514461517334e-02
7.246121019124984741e-02
7.243433222174644470e-02
7.241403497755527496e-02
7.239062339067459106e-02
7.236654497683048248e-02
7.232995890080928802e-02
7.230219617486000061e-02
7.227136567234992981e-02
7.223271206021308899e-02
7.220629416406154633e-02
7.217679359018802643e-02
7.215423695743083954e-02
7.212832942605018616e-02
7.209780998528003693e-02
7.206678204238414764e-02
7.203968428075313568e-02
7.201402448117733002e-02
7.198026590049266815e-02
7.195186987519264221e-02
7.192683778703212738e-02
7.190491259098052979e-02
7.187376543879508972e-02
7.185068354010581970e-02
7.182515412569046021e-02
7.177912443876266479e-02
7.176162116229534149e-02
7.174600660800933838e-02
7.173020578920841217e-02
7.171766459941864014e-02
7.170182280242443085e-02
7.168637029826641083e-02
7.167195901274681091e-02
7.165953889489173889e-02
7.164318859577178955e-02
7.162955217063426971e-02
7.161515951156616211e-02
7.160048931837081909e-02
7.158849388360977173e-02
7.157368957996368408e-02
7.156169787049293518e-02
7.154588773846626282e-02
7.153115607798099518e-02
7.151787169277667999e-02
7.150300033390522003e-02
7.148783840239048004e-02
7.147283107042312622e-02
7.145574130117893219e-02
7.144337892532348633e-02
7.143275626003742218e-02
7.141500711441040039e-02
7.139871828258037567e-02
7.138371653854846954e-02
7.136948779225349426e-02
7.135412283241748810e-02
7.133983075618743896e-02
7.132590748369693756e-02
7.131230086088180542e-02
7.129758596420288086e-02
7.128276117146015167e-02
7.126762159168720245e-02
7.125276885926723480e-02
7.123776152729988098e-02
7.122327759861946106e-02
7.120802439749240875e-02
7.119267806410789490e-02
7.117909938097000122e-02
7.116317935287952423e-02
7.114959694445133209e-02
7.113461010158061981e-02
7.112037204205989838e-02
7.110597752034664154e-02
7.108897902071475983e-02
7.107464969158172607e-02
7.106108032166957855e-02
7.104064710438251495e-02
7.103230617940425873e-02
7.102451846003532410e-02
7.101662084460258484e-02
7.100890763103961945e-02
7.100112549960613251e-02
7.099387608468532562e-02
7.098573818802833557e-02
7.097908481955528259e-02
7.097151316702365875e-02
7.096327282488346100e-02
7.095719315111637115e-02
7.094877772033214569e-02
7.094079442322254181e-02
7.093404047191143036e-02
7.092638127505779266e-02
7.091815397143363953e-02
7.091027684509754181e-02
7.090312615036964417e-02
7.089433632791042328e-02
7.088704779744148254e-02
7.088037021458148956e-02
7.087286375463008881e-02
7.086405344307422638e-02
7.085660099983215332e-02
7.084869220852851868e-02
7.084073126316070557e-02
7.083261013031005859e-02
7.082605175673961639e-02
7.081719487905502319e-02
7.080902531743049622e-02
7.080139778554439545e-02
7.079331576824188232e-02
7.078573293983936310e-02
7.077755033969879150e-02
7.077126018702983856e-02
7.076309993863105774e-02
7.075549289584159851e-02
7.074631191790103912e-02
7.073899358510971069e-02
7.073105499148368835e-02
7.072220370173454285e-02
7.071476243436336517e-02
7.070647180080413818e-02
7.069884613156318665e-02
7.069028541445732117e-02
7.068311423063278198e-02
7.067501172423362732e-02
7.066754996776580811e-02
7.065878622233867645e-02
7.064855471253395081e-02
7.064448483288288116e-02
7.064027152955532074e-02
7.063618302345275879e-02
7.063191570341587067e-02
7.062817923724651337e-02
7.062430307269096375e-02
7.061994448304176331e-02
7.061569392681121826e-02
7.061181589961051941e-02
7.060770876705646515e-02
7.060340605676174164e-02
7.059965468943119049e-02
7.059552334249019623e-02
7.059117779135704041e-02
7.058741524815559387e-02
7.058292813599109650e-02
7.057904452085494995e-02
7.057478278875350952e-02
7.057069055736064911e-02
7.056665793061256409e-02
7.056250981986522675e-02
7.055850885808467865e-02
7.055457495152950287e-02
7.055000960826873779e-02
7.054626196622848511e-02
7.054169662296772003e-02
7.053817808628082275e-02
7.053359411656856537e-02
7.052920199930667877e-02
7.052489556372165680e-02
7.052117958664894104e-02
7.051654160022735596e-02
7.051230967044830322e-02
7.050803676247596741e-02
7.050405628979206085e-02
7.049933634698390961e-02
7.049549929797649384e-02
7.049153931438922882e-02
7.048717699944972992e-02
7.048238255083560944e-02
7.047821767628192902e-02
7.047594338655471802e-02
7.047135569155216217e-02
7.046580687165260315e-02
7.046195119619369507e-02
7.045658119022846222e-02
7.045280933380126953e-02
7.044838741421699524e-02
7.044393010437488556e-02
