1.601938530802726659e-03
1.572987884283065692e-03
1.517625115811824851e-03
1.475672684609889967e-03
1.446296274662017866e-03
1.409461982548236873e-03
1.387191265821456935e-03
1.372692845761775944e-03
1.350316666066646559e-03
1.351413652300834751e-03
1.328073069453239528e-03
1.331212744116783185e-03
1.392706949263811068e-03
1.310390494763851235e-03
1.373563669621944436e-03
1.295611783862114005e-03
1.343542374670505428e-03
1.280202697962522446e-03
1.289517246186733333e-03
1.279487460851669268e-03
1.273913010954856812e-03
1.245959363877773224e-03
1.247336287051439190e-03
1.224213875830173397e-03
1.205165833234786953e-03
1.171497851610183707e-03
1.168685834854841328e-03
1.144231613725423891e-03
1.104957386851310695e-03
1.076361835002899144e-03
1.109170168638229283e-03
1.076134555041789948e-03
1.047002635896205919e-03
9.929333440959454103e-04
9.484989941120148052e-04
9.793541952967644258e-04
9.336318820714950345e-04
8.733922243118286220e-04
8.432229422032833013e-04
8.478901907801628416e-04
7.955973409116268288e-04
7.773337513208389369e-04
7.961127348244190563e-04
7.782585918903351264e-04
7.545374892652034413e-04
7.684803940355778087e-04
7.244923897087574265e-04
8.400735352188348467e-04
8.130542002618313269e-04
7.459585927426814513e-04
7.035624980926513498e-04
6.692522019147872534e-04
6.197741627693175749e-04
6.031407695263623931e-04
5.682126805186271407e-04
5.452831927686929659e-04
5.459575448185205026e-04
5.091250687837600751e-04
4.915570095181464672e-04
4.755493253469467272e-04
4.509102646261453824e-04
4.369749035686254328e-04
4.352094512432813883e-04
4.176849499344825636e-04
4.129917267709970388e-04
4.049048293381929398e-04
4.208252858370542721e-04
3.990137670189142401e-04
3.776896558701991970e-04
4.009043797850608717e-04
3.981142491102218476e-04
3.690657299011945703e-04
3.644684888422489145e-04
3.429918363690376217e-04
3.355882223695516456e-04
3.224017564207315445e-04
3.020920744165778334e-04
3.162513254210353114e-04
3.149313479661941723e-04
2.901012171059846856e-04
3.104625502601265907e-04
3.171919146552681706e-04
2.775248931720853047e-04
2.917210571467876217e-04
2.760130539536476222e-04
2.893998567014932459e-04
2.779159322381019787e-04
2.909736242145299803e-04
2.517877519130706592e-04
2.633078815415501573e-04
2.796890074387192488e-04
2.691652998328208728e-04
2.626235503703355919e-04
2.730140509083866900e-04
2.716557914391159990e-04
2.650603419169783592e-04
2.680365741252899322e-04
2.762047434225678639e-04
2.771791489794850089e-04
2.572137815877795284e-04
2.257290063425898444e-04
2.184901898726820881e-04
2.120021451264619892e-04
2.085141930729150805e-04
2.047844557091593829e-04
1.998306717723607909e-04
1.977859251201152704e-04
1.925785187631845344e-04
1.895635714754462166e-04
1.897706883028149659e-04
1.860798848792910619e-04
1.832962036132812392e-04
1.828328194096684413e-04
1.807966735213995088e-04
1.776900561526417689e-04
1.772136054933071169e-04
1.751981326378881931e-04
1.751947635784745281e-04
1.761206868104636593e-04
1.758132781833410328e-04
1.780399354174733054e-04
1.806314382702112187e-04
1.768007688224315687e-04
1.779568404890596997e-04
1.707540941424667835e-04
1.661094767041504426e-04
1.667503896169364387e-04
1.714719668962061383e-04
1.649326900951564334e-04
1.735373237170279037e-04
1.740304566919803609e-04
1.691904594190418699e-04
1.606050459668040373e-04
1.660427590832114155e-04
1.588577032089233431e-04
1.591265108436346130e-04
1.609466620720923001e-04
1.614012941718101567e-04
1.616083621047437202e-04
1.581266545690596234e-04
1.576609560288488919e-04
1.612171623855829109e-04
1.586354640312492858e-04
1.549143460579216589e-04
1.579413493163883805e-04
1.498213852755725275e-04
1.612722408026456833e-04
1.541477185674011783e-04
1.622470002621412407e-04
1.662160246632993254e-04
1.651796954683959517e-04
1.666914415545761672e-04
1.569367968477308826e-04
1.547586428932845723e-04
1.527127949520945462e-04
1.503679715096950574e-04
1.481501152738928849e-04
1.489195227622985796e-04
1.452669780701398947e-04
1.478572655469179143e-04
1.455547404475510066e-04
1.427867007441818627e-04
1.417190185748040785e-04
1.397347403690218958e-04
1.381253544241189968e-04
1.364496420137584209e-04
1.352990441955625946e-04
1.347216870635747888e-04
1.335485000163316597e-04
1.329205743968486829e-04
1.321095647290349028e-04
1.313417428173124769e-04
1.309010246768593777e-04
1.304987957701087128e-04
1.299456181004643560e-04
1.296043582260608630e-04
1.290912530384957704e-04
1.286958297714591037e-04
1.281585963442921595e-04
1.279251440428197514e-04
1.273885043337941083e-04
1.271659205667674476e-04
1.266131759621202837e-04
1.261746883392334060e-04
1.259641861543059479e-04
1.253963261842727650e-04
1.250663585960865118e-04
1.247258577495813326e-04
1.243196451105177533e-04
1.239912677556276191e-04
1.236320007592439706e-04
1.233530184254050374e-04
1.229744357988238454e-04
1.226388476788997574e-04
1.222691801376640808e-04
1.218460290692746688e-04
1.216538529843091981e-04
1.214649016037583416e-04
1.218200800940394423e-04
1.219040667638182597e-04
1.205142121762037223e-04
1.200836477801203787e-04
1.196210086345672624e-04
1.193538820371031805e-04
1.190756843425333462e-04
1.189343072474002887e-04
1.186379441060125887e-04
1.185086322948336628e-04
1.182871893979608980e-04
1.180826523341238510e-04
1.178864412941038549e-04
1.177101791836321343e-04
1.175622548907995175e-04
1.174290291965007842e-04
1.172291929833590957e-04
1.169850048609077974e-04
1.168257836252450905e-04
1.166288228705525355e-04
1.164666237309575141e-04
1.163202687166631222e-04
1.161741907708346790e-04
1.159670017659664111e-04
1.157577941194176679e-04
1.155958604067564016e-04
1.154569396749138897e-04
1.153471390716731554e-04
1.151666115038096943e-04
1.149618928320705907e-04
1.148000825196504539e-04
1.146157737821340561e-04
1.145323133096098851e-04
1.142741064541041824e-04
1.141028688289225161e-04
1.140083326026797289e-04
1.137403957545757359e-04
1.136872405186295466e-04
1.135420217178762002e-04
1.133358548395335625e-04
1.130931824445724531e-04
1.129327667877078008e-04
1.127202319912612487e-04
1.125444425269961384e-04
1.123502315022051351e-04
1.121971686370670757e-04
1.120166783221065933e-04
1.118630310520529742e-04
1.117653166875243198e-04
1.115539995953440731e-04
1.113760098814964311e-04
1.111935265362262720e-04
1.109462464228272438e-04
1.108429697342216952e-04
1.107516628690063997e-04
1.106471172533929348e-04
1.105518010444939126e-04
1.104828971438109858e-04
1.103969314135611106e-04
1.103026769123971495e-04
1.102113490924239191e-04
1.101451506838202493e-04
1.100334664806723627e-04
1.099651004187762759e-04
1.098973373882472450e-04
1.097971061244606928e-04
1.096980366855859713e-04
1.096116332337260257e-04
1.095277373678982231e-04
1.094491314142942434e-04
1.093549700453877492e-04
1.092816703021526364e-04
1.092313043773174297e-04
1.091421744786202924e-04
1.090200105682015430e-04
1.089380728080868770e-04
1.089063938707113320e-04
1.087963441386818864e-04
1.087097311392426469e-04
1.086253323592245579e-04
1.085284422151744333e-04
1.084156311117112696e-04
1.083422987721860420e-04
1.082512270659208254e-04
1.081559783779084715e-04
1.080803805962204960e-04
1.080014067701995394e-04
1.079000136815011566e-04
1.078166742809116900e-04
1.077482732944190497e-04
1.076440303586423457e-04
1.075542974285781389e-04
1.074790977872908164e-04
1.073824963532388205e-04
1.073021371848881207e-04
1.072213915176689614e-04
1.071168691851198700e-04
1.070380443707108552e-04
1.069719973020255522e-04
1.068762876093387544e-04
1.067866920493543094e-04
1.067019044421613222e-04
1.065698196180164847e-04
1.065265038050711101e-04
1.064917119219899140e-04
1.064393762499094042e-04
1.063761091791093290e-04
1.063350355252623558e-04
1.062933658249676293e-04
1.062603085301816436e-04
1.062150020152330447e-04
1.061647618189454062e-04
1.061295229010283985e-04
1.060770684853196095e-04
1.060397387482225944e-04
1.059904322028160101e-04
1.059453561902046263e-04
1.059056585654616416e-04
1.058627059683203665e-04
1.058155926875770114e-04
1.057776948437094667e-04
1.057303696870803790e-04
1.056823180988430923e-04
1.056591118685901149e-04
1.056006550788879362e-04
1.055531855672597842e-04
1.055091083981096707e-04
1.054647145792841911e-04
1.054148562252521482e-04
1.053691864944994498e-04
1.053297310136258602e-04
1.052884501405060318e-04
1.052415650337934532e-04
1.051988382823765294e-04
1.051430706866085502e-04
1.050989655777811993e-04
1.050657220184803069e-04
1.050155702978372579e-04
1.049756770953535979e-04
1.049244264140725092e-04
1.048798486590385480e-04
1.048532500863075321e-04
1.048014359548687913e-04
1.047450327314436414e-04
1.047039474360644882e-04
1.046604407019913159e-04
1.046070083975791915e-04
1.045768824405968140e-04
1.045179017819464142e-04
1.045151683501899199e-04
1.044560153968632183e-04
1.043872069567441973e-04
1.043440960347652392e-04
1.042912178672850121e-04
1.042749150656163638e-04
1.042538275942206448e-04
1.042240974493324816e-04
1.042005885392427434e-04
1.041809632442891636e-04
1.041525229811668380e-04
1.041352725587785304e-04
1.041129138320684428e-04
1.040859846398234422e-04
1.040627714246511486e-04
1.040405943058431176e-04
1.040169643238186885e-04
1.039932994171977059e-04
1.039740629494190243e-04
1.039482699707150421e-04
1.039233454503118981e-04
1.038982672616839349e-04
1.038806582801044052e-04
1.038537023123353731e-04
1.038353098556399367e-04
1.038092630915343794e-04
1.037799590267241066e-04
1.037660939618945078e-04
1.037352601997554275e-04
1.037166570313274915e-04
1.036864263005554671e-04
1.036699977703392506e-04
1.036391616798937315e-04
1.036240183748304887e-04
1.035968540236353820e-04
1.035813335329294210e-04
1.035455986857414294e-04
1.035219174809753895e-04
1.035034423694014603e-04
1.034716540016233910e-04
1.034603524021804371e-04
1.034266478382051007e-04
1.034063636325299767e-04
1.033836207352578683e-04
1.033580140210688065e-04
1.033329032361507421e-04
1.033064164221286757e-04
1.032876991666853379e-04
1.032685232348740085e-04
1.032400340773165242e-04
1.032121293246745998e-04
1.031885156407952282e-04
1.031592721119523076e-04
1.031291182152926927e-04
1.031180890277028100e-04
1.031024125404655912e-04
1.030917116440832680e-04
1.030816696584224755e-04
1.030679582618176959e-04
1.030567009001970232e-04
1.030423701740801302e-04
1.030288520269095871e-04
1.030158274807035890e-04
1.030081766657531261e-04
1.029935921542346445e-04
1.029783510603010709e-04
1.029680157080292723e-04
1.029563532210886440e-04
1.029446325264871158e-04
1.029322715476155259e-04
1.029209047555923424e-04
1.029051258228719289e-04
1.028935494832694514e-04
1.028817356564104562e-04
1.028688787482678825e-04
1.028545503504574283e-04
1.028439123183488824e-04
1.028319704346358803e-04
1.028179866261780295e-04
1.028043101541698033e-04
1.027977955527603588e-04
1.027847430668771234e-04
1.027706172317266470e-04
1.027607754804193936e-04
1.027405541390180604e-04
1.027310453355312304e-04
1.027174107730388603e-04
1.027025957591831635e-04
1.026921928860247103e-04
1.026791520416736549e-04
1.026645465753972520e-04
1.026538782753050300e-04
1.026379247196018761e-04
1.026271726004779285e-04
1.026152260601520490e-04
1.025974145159125279e-04
1.025867857970297369e-04
1.025754609145224094e-04
1.025610649958252869e-04
1.025465992279350709e-04
1.025388459675013997e-04
1.025206828489899592e-04
1.025031553581357029e-04
1.024940959177911233e-04
1.024850644171237946e-04
1.024752855300903320e-04
1.024671318009495692e-04
1.024630665779113813e-04
1.024587498977780299e-04
1.024500117637217072e-04
1.024444354698061943e-04
1.024378370493650377e-04
1.024299697019159783e-04
1.024231291376054265e-04
1.024182350374758179e-04
1.024103607051074559e-04
1.024051499553024812e-04
1.023969822563230997e-04
1.023896387778222615e-04
1.023854291997849958e-04
1.023773557972163005e-04
1.023688632994890175e-04
1.023649750277399952e-04
1.023569027893245193e-04
1.023500249721109889e-04
1.023450773209333441e-04
1.023370469920337244e-04
1.023287908174097533e-04
1.023203576914966166e-04
1.023146416991949033e-04
1.023085531778633627e-04
1.023047254420816925e-04
1.022947160527110149e-04
1.022875215858221049e-04
1.022807206027209705e-04
1.022756728343665562e-04
1.022678962908685251e-04
1.022600498981773870e-04
1.022541453130543281e-04
1.022478984668850910e-04
1.022396585904061773e-04
1.022318587638437726e-04
1.022245595231652292e-04
1.022196304984390671e-04
1.022115955129265834e-04
1.022035209462046688e-04
1.022003637626767093e-04
1.021910761483013668e-04
1.021834369748830839e-04
1.021763868629932382e-04
1.021706173196435023e-04
1.021645404398441282e-04
1.021557860076427481e-04
