1.031502872705459595e+00
9.881206005811691284e-01
9.603188782930374146e-01
9.121798723936080933e-01
8.679639399051666260e-01
8.361627906560897827e-01
8.033056259155273438e-01
7.865377664566040039e-01
7.807516455650329590e-01
7.705303877592086792e-01
7.598661929368972778e-01
7.627633959054946899e-01
7.661819159984588623e-01
7.613368034362792969e-01
7.575956881046295166e-01
7.428890764713287354e-01
7.372973561286926270e-01
7.278223931789398193e-01
7.163355499505996704e-01
7.090964913368225098e-01
7.097877860069274902e-01
7.017505019903182983e-01
6.927736401557922363e-01
6.818675547838211060e-01
6.610735952854156494e-01
6.538818776607513428e-01
6.508427411317825317e-01
6.192961186170578003e-01
6.005430519580841064e-01
5.996457636356353760e-01
6.075081080198287964e-01
6.015207618474960327e-01
5.683803856372833252e-01
5.354260206222534180e-01
5.156822949647903442e-01
5.274341329932212830e-01
5.012250095605850220e-01
4.707463458180427551e-01
4.501069039106369019e-01
4.557059258222579956e-01
4.332164302468299866e-01
4.106909334659576416e-01
4.346700906753540039e-01
4.225092828273773193e-01
4.025168716907501221e-01
4.179222956299781799e-01
3.873239383101463318e-01
4.447782486677169800e-01
4.672647416591644287e-01
4.138446897268295288e-01
3.836104348301887512e-01
3.470273837447166443e-01
3.306189998984336853e-01
3.178742751479148865e-01
3.053717538714408875e-01
2.862197235226631165e-01
2.874434515833854675e-01
2.698489204049110413e-01
2.583712376654148102e-01
2.489231601357460022e-01
2.365516461431980133e-01
2.301194407045841217e-01
2.303500548005104065e-01
2.214158028364181519e-01
2.176023721694946289e-01
2.180301435291767120e-01
2.256547398865222931e-01
2.148122899234294891e-01
2.038158774375915527e-01
2.175493724644184113e-01
2.200083620846271515e-01
2.000275179743766785e-01
1.968000531196594238e-01
1.875283792614936829e-01
1.806668527424335480e-01
1.761568002402782440e-01
1.641826219856739044e-01
1.733733303844928741e-01
1.728863418102264404e-01
1.581357568502426147e-01
1.731124110519886017e-01
1.766341738402843475e-01
1.528604477643966675e-01
1.624758951365947723e-01
1.531670726835727692e-01
1.629489734768867493e-01
1.562151834368705750e-01
1.628615073859691620e-01
1.403446160256862640e-01
1.480005607008934021e-01
1.568342112004756927e-01
1.511576995253562927e-01
1.500058360397815704e-01
1.530018523335456848e-01
1.530515663325786591e-01
1.496989466249942780e-01
1.516105122864246368e-01
1.587573029100894928e-01
1.582670137286186218e-01
1.444215998053550720e-01
1.271585039794445038e-01
1.229182258248329163e-01
1.185518670827150345e-01
1.167748905718326569e-01
1.150495391339063644e-01
1.121558323502540588e-01
1.107093282043933868e-01
1.078391931951045990e-01
1.063969116657972336e-01
1.064776722341775894e-01
1.043822616338729858e-01
1.029625348746776581e-01
1.027390230447053909e-01
1.013583801686763763e-01
9.975438565015792847e-02
9.949737228453159332e-02
9.861936233937740326e-02
9.846350923180580139e-02
9.903154149651527405e-02
9.891050681471824646e-02
9.960348904132843018e-02
1.021355837583541870e-01
9.998167306184768677e-02
1.001221090555191040e-01
9.623468853533267975e-02
9.363796189427375793e-02
9.381575323641300201e-02
9.657346457242965698e-02
9.329054877161979675e-02
9.797275066375732422e-02
9.804239682853221893e-02
9.573370218276977539e-02
9.083347767591476440e-02
9.356006234884262085e-02
8.976507000625133514e-02
9.037107601761817932e-02
9.117352217435836792e-02
9.132676944136619568e-02
9.130836836993694305e-02
8.995689265429973602e-02
8.929751068353652954e-02
9.105851501226425171e-02
9.013986773788928986e-02
8.753487654030323029e-02
8.979199267923831940e-02
8.491988293826580048e-02
9.104913473129272461e-02
8.753534220159053802e-02
9.178358875215053558e-02
9.503653086721897125e-02
9.546078927814960480e-02
9.500941634178161621e-02
8.860288374125957489e-02
8.722840435802936554e-02
8.614366687834262848e-02
8.514674194157123566e-02
8.398106507956981659e-02
8.447581157088279724e-02
8.277374878525733948e-02
8.375640772283077240e-02
8.223269693553447723e-02
8.088652417063713074e-02
8.021662943065166473e-02
7.927802577614784241e-02
7.825743220746517181e-02
7.728980854153633118e-02
7.663704641163349152e-02
7.631060294806957245e-02
7.563931867480278015e-02
7.526182010769844055e-02
7.475756295025348663e-02
7.438105158507823944e-02
7.411723583936691284e-02
7.383415661752223969e-02
7.354550436139106750e-02
7.334403321146965027e-02
7.304558530449867249e-02
7.279570400714874268e-02
7.255114242434501648e-02
7.233993522822856903e-02
7.207123935222625732e-02
7.188425399363040924e-02
7.160661369562149048e-02
7.135790772736072540e-02
7.118467055261135101e-02
7.091135345399379730e-02
7.072219997644424438e-02
7.052232511341571808e-02
7.032931782305240631e-02
7.010059244930744171e-02
6.988175678998231888e-02
6.975903548300266266e-02
6.954276375472545624e-02
6.935707665979862213e-02
6.913002207875251770e-02
6.890238914638757706e-02
6.879520788788795471e-02
6.867279298603534698e-02
6.884413585066795349e-02
6.879829056560993195e-02
6.812511757016181946e-02
6.782688014209270477e-02
6.756975874304771423e-02
6.743566505610942841e-02
6.727514509111642838e-02
6.716605462133884430e-02
6.701854243874549866e-02
6.691727787256240845e-02
6.679478101432323456e-02
6.666889972984790802e-02
6.657392717897891998e-02
6.647684425115585327e-02
6.638590153306722641e-02
6.630037911236286163e-02
6.620245054364204407e-02
6.606913544237613678e-02
6.597436126321554184e-02
6.586768478155136108e-02
6.577005051076412201e-02
6.568849831819534302e-02
6.559882964938879013e-02
6.547347176820039749e-02
6.536348909139633179e-02
6.527895852923393250e-02
6.518992129713296890e-02
6.512480229139328003e-02
6.502903159707784653e-02
6.490519270300865173e-02
6.481595244258642197e-02
6.471905484795570374e-02
6.464058905839920044e-02
6.452565733343362808e-02
6.443199329078197479e-02
6.436544843018054962e-02
6.424327939748764038e-02
6.418682355433702469e-02
6.409517023712396622e-02
6.401380430907011032e-02
6.387461256235837936e-02
6.376805249601602554e-02
6.364888697862625122e-02
6.354389898478984833e-02
6.344163697212934494e-02
6.335223931819200516e-02
6.326600164175033569e-02
6.316689308732748032e-02
6.308622565120458603e-02
6.299315486103296280e-02
6.288902927190065384e-02
6.278325337916612625e-02
6.263441126793622971e-02
6.256903149187564850e-02
6.251322757452726364e-02
6.246359739452600479e-02
6.240674201399087906e-02
6.236131489276885986e-02
6.231078878045082092e-02
6.225803866982460022e-02
6.221151445060968399e-02
6.216728594154119492e-02
6.211191788315773010e-02
6.207433622330427170e-02
6.202569790184497833e-02
6.197482254356145859e-02
6.193055864423513412e-02
6.187609117478132248e-02
6.182489637285470963e-02
6.177544873207807541e-02
6.172904837876558304e-02
6.168758217245340347e-02
6.165172718465328217e-02
6.160032749176025391e-02
6.154178455471992493e-02
6.149618793278932571e-02
6.146264728158712387e-02
6.141148973256349564e-02
6.136523932218551636e-02
6.131681334227323532e-02
6.126288417726755142e-02
6.120622251182794571e-02
6.116594746708869934e-02
6.111675500869750977e-02
6.106464844197034836e-02
6.101491674780845642e-02
6.096926424652338028e-02
6.091366335749626160e-02
6.086833309382200241e-02
6.082301679998636246e-02
6.076977774500846863e-02
6.072028446942567825e-02
6.067738961428403854e-02
6.062823161482810974e-02
6.058181636035442352e-02
6.053292751312255859e-02
6.048239301890134811e-02
6.043694354593753815e-02
6.038833316415548325e-02
6.034231185913085938e-02
6.029243674129247665e-02
6.024242006242275238e-02
6.016618385910987854e-02
6.013932451605796814e-02
6.011496204882860184e-02
6.008963100612163544e-02
6.005999445915222168e-02
6.003340240567922592e-02
6.001108326017856598e-02
5.998715665191411972e-02
5.996478348970413208e-02
5.993615929037332535e-02
5.991244036704301834e-02
5.988834518939256668e-02
5.986469984054565430e-02
5.984143912792205811e-02
5.981609690934419632e-02
5.979038774967193604e-02
5.976906977593898773e-02
5.974141042679548264e-02
5.971867498010396957e-02
5.969401169568300247e-02
5.967170186340808868e-02
5.965123977512121201e-02
5.962110962718725204e-02
5.959426425397396088e-02
5.956991109997034073e-02
5.954353883862495422e-02
5.951852630823850632e-02
5.949443019926548004e-02
5.947046168148517609e-02
5.944636184722185135e-02
5.942051671445369720e-02
5.939741805195808411e-02
5.937021132558584213e-02
5.934639181941747665e-02
5.932228732854127884e-02
5.929908901453018188e-02
5.927332956343889236e-02
5.924531817436218262e-02
5.922473780810832977e-02
5.920152831822633743e-02
5.917487852275371552e-02
5.914677958935499191e-02
5.912332423031330109e-02
5.909819062799215317e-02
5.907285120338201523e-02
5.904879793524742126e-02
5.902370251715183258e-02
5.901158973574638367e-02
5.898076482117176056e-02
5.895344354212284088e-02
5.891230329871177673e-02
5.889491923153400421e-02
5.888041201978921890e-02
5.886758025735616684e-02
5.885509122163057327e-02
5.884142220020294189e-02
5.882893688976764679e-02
5.881529208272695541e-02
5.880342517048120499e-02
5.879059433937072754e-02
5.877803917974233627e-02
5.876495316624641418e-02
5.875193607062101364e-02
5.873828660696744919e-02
5.872567463666200638e-02
5.871340073645114899e-02
5.870001390576362610e-02
5.868805944919586182e-02
5.867419764399528503e-02
5.866322387009859085e-02
5.864856671541929245e-02
5.863805767148733139e-02
5.862359423190355301e-02
5.860982835292816162e-02
5.859718285501003265e-02
5.858437251299619675e-02
5.857172049582004547e-02
5.855780467391014099e-02
5.854581296443939209e-02
5.853290949016809464e-02
5.851898062974214554e-02
5.850709881633520126e-02
5.849352572113275528e-02
5.847896821796894073e-02
5.846579466015100479e-02
5.845328886061906815e-02
5.843932367861270905e-02
5.842751078307628632e-02
5.841342173516750336e-02
5.839986074715852737e-02
5.838797893375158310e-02
5.837548151612281799e-02
5.836086347699165344e-02
5.834810808300971985e-02
5.833498761057853699e-02
5.832187738269567490e-02
5.830846447497606277e-02
5.829467531293630600e-02
5.828071013092994690e-02
5.826653353869915009e-02
5.824731662869453430e-02
5.823984649032354355e-02
5.823262222111225128e-02
5.822611972689628601e-02
5.822010710835456848e-02
5.821262672543525696e-02
5.820649769157171249e-02
5.819867178797721863e-02
5.819226335734128952e-02
5.818478111177682877e-02
5.817881040275096893e-02
5.817169137299060822e-02
5.816487409174442291e-02
5.815868172794580460e-02
5.815105792135000229e-02
5.814431607723236084e-02
5.813785735517740250e-02
5.813184101134538651e-02
5.812358669936656952e-02
5.811764951795339584e-02
5.811026506125926971e-02
5.810339283198118210e-02
5.809634923934936523e-02
5.808976013213396072e-02
5.808276869356632233e-02
5.807550065219402313e-02
5.806842725723981857e-02
5.806254222989082336e-02
5.805716570466756821e-02
5.804913491010665894e-02
5.804190970957279205e-02
5.803414527326822281e-02
5.802688840776681900e-02
5.801920872181653976e-02
5.801289435476064682e-02
5.800596345216035843e-02
5.799891147762537003e-02
5.799119267612695694e-02
5.798400472849607468e-02
5.797739047557115555e-02
5.797008518129587173e-02
5.796262715011835098e-02
5.795595515519380569e-02
5.794843472540378571e-02
5.794191826134920120e-02
5.793354567140340805e-02
5.792661383748054504e-02
5.792053602635860443e-02
5.791296996176242828e-02
5.790521297603845596e-02
5.789545737206935883e-02
5.789111182093620300e-02
5.788767710328102112e-02
5.788387171924114227e-02
5.787978880107402802e-02
5.787677410989999771e-02
5.787299852818250656e-02
5.786903668195009232e-02
5.786540824919939041e-02
5.786184314638376236e-02
5.785844009369611740e-02
5.785456765443086624e-02
5.785065237432718277e-02
5.784733220934867859e-02
5.784346349537372589e-02
5.783974286168813705e-02
5.783651582896709442e-02
5.783270206302404404e-02
5.782877746969461441e-02
5.782535485923290253e-02
5.782167054712772369e-02
5.781790520995855331e-02
5.781404860317707062e-02
5.781036242842674255e-02
5.780680384486913681e-02
5.780296213924884796e-02
5.779921915382146835e-02
5.779549386352300644e-02
5.779209360480308533e-02
5.778802465647459030e-02
5.778424721211194992e-02
5.778030306100845337e-02
5.777691490948200226e-02
5.777278356254100800e-02
5.776910763233900070e-02
5.776567663997411728e-02
5.776151176542043686e-02
5.775765515863895416e-02
5.775384232401847839e-02
5.775010306388139725e-02
5.774650163948535919e-02
5.774281732738018036e-02
5.773888342082500458e-02
5.773556791245937347e-02
5.773107148706912994e-02
5.772728659212589264e-02
5.772344209253787994e-02
5.771964974701404572e-02
5.771671608090400696e-02
5.771191511303186417e-02
