1.594106368720531403e-03
1.554854176938533748e-03
1.540289483964443198e-03
1.516318693757057233e-03
1.427884697914123553e-03
1.394049935042858098e-03
1.339845750480890205e-03
1.269015222787857030e-03
1.248684655874967523e-03
1.245760042220354002e-03
1.227968893945217185e-03
1.216209661215543686e-03
1.197644416242837819e-03
1.231710966676473687e-03
1.206971779465675423e-03
1.154569685459136972e-03
1.186354849487543167e-03
1.130410935729742050e-03
1.126360539346933295e-03
1.154689751565456330e-03
1.084365565329790037e-03
1.064903791993856421e-03
1.019824780523777025e-03
1.046477053314447342e-03
1.107248496264219301e-03
1.043294277042150454e-03
1.001967880874872268e-03
9.507433511316776492e-04
9.236000105738639485e-04
8.594556525349616831e-04
8.161228150129317804e-04
7.406719401478766875e-04
7.346655055880546180e-04
7.634982466697692871e-04
6.210108194500208248e-04
5.683681555092335051e-04
5.945589113980531866e-04
5.451848544180393479e-04
5.547613836824893951e-04
5.827417783439159133e-04
5.337353143841028691e-04
4.568667802959680297e-04
4.240338690578937747e-04
3.865194506943225644e-04
3.603304643183946740e-04
3.283664211630821315e-04
3.073932416737079447e-04
2.915544714778661554e-04
2.750535029917955507e-04
2.649508975446224083e-04
2.564164111390710094e-04
2.489510504528880380e-04
2.404495375230908448e-04
2.336000418290495959e-04
2.292683580890297835e-04
2.228788891807198611e-04
2.169590815901756363e-04
2.139596641063690207e-04
2.103620581328868942e-04
2.063089190050959717e-04
2.025752421468496409e-04
1.994007499888539206e-04
1.955853635445237138e-04
1.928282901644706618e-04
1.903732307255268205e-04
1.878644432872533831e-04
1.856485893949866284e-04
1.828492386266589165e-04
1.803078502416610599e-04
1.783409388735890388e-04
1.764452923089265845e-04
1.742275757715105989e-04
1.721401000395417159e-04
1.703807152807712501e-04
1.679453859105706085e-04
1.659637689590454015e-04
1.642045425251126322e-04
1.623416505753993890e-04
1.606195513159036571e-04
1.589417736977338726e-04
1.574199786409735756e-04
1.558094401843845736e-04
1.541376858949661136e-04
1.526672393083572496e-04
1.511649438180029371e-04
1.496869022957980579e-04
1.482380670495331342e-04
1.469083223491906990e-04
1.455847639590501894e-04
1.443216064944863222e-04
1.430633896961808107e-04
1.417628047056496111e-04
1.405109954066574584e-04
1.393679529428482164e-04
1.381004415452480327e-04
1.369439181871712262e-04
1.357952319085597894e-04
1.345947594381868763e-04
1.335376431234181057e-04
1.324281236156821164e-04
1.312981685623526497e-04
1.307348604314029108e-04
1.302052545361220967e-04
1.296599698252975843e-04
1.291569299064576713e-04
1.286511612124741142e-04
1.281482633203267997e-04
1.276560802944004406e-04
1.271830801852047541e-04
1.266907295212149707e-04
1.262306328862905372e-04
1.257750717923045039e-04
1.252558548003435243e-04
1.247904566116631150e-04
1.243360131047666040e-04
1.238862914033234000e-04
1.234233775176107873e-04
1.229605171829462106e-04
1.224991492927074356e-04
1.220701262354850796e-04
1.216349774040281773e-04
1.211838121525943301e-04
1.207429496571421667e-04
1.203241525217890712e-04
1.199012319557368744e-04
1.194408279843628434e-04
1.190060353837907379e-04
1.185726700350642183e-04
1.181579567492008204e-04
1.177667593583464633e-04
1.173353591002523964e-04
1.169273792766034646e-04
1.165238535031676325e-04
1.161149563267827039e-04
1.157027645967900813e-04
1.153063797391951095e-04
1.149114314466714919e-04
1.145260781049728415e-04
1.141333207488060008e-04
1.137425517663359593e-04
1.133447838947176966e-04
1.129696797579526939e-04
1.125788246281445016e-04
1.122072921134531552e-04
1.118145743384957319e-04
1.114639570005238029e-04
1.110828295350074757e-04
1.107123633846640543e-04
1.103512430563569026e-04
1.099948282353580003e-04
1.095821196213364590e-04
1.093732984736561754e-04
1.091872761026024883e-04
1.089930511079728663e-04
1.088208076544106001e-04
1.086368714459240431e-04
1.084599620662629583e-04
1.082890760153531979e-04
1.081077265553176457e-04
1.079285424202680582e-04
1.077514374628663117e-04
1.075742789544165156e-04
1.074021984823048099e-04
1.072276779450476159e-04
1.070561585947871235e-04
1.068794447928667003e-04
1.067111478187143835e-04
1.065316633321344874e-04
1.063630287535488562e-04
1.061885175295174171e-04
1.060182275250554101e-04
1.058530574664473496e-04
1.056805369444191483e-04
1.055054948665201718e-04
1.053373492322862083e-04
1.051685935817658863e-04
1.049988809973001502e-04
1.048229448497295369e-04
1.046620635315775904e-04
1.044914592057466561e-04
1.043225708417594498e-04
1.041495101526379564e-04
1.039849640801549001e-04
1.038153702393174161e-04
1.036486332304775693e-04
1.034831628203392002e-04
1.033152430318296015e-04
1.031532976776361417e-04
1.029850519262254222e-04
1.028321101330220672e-04
1.026665116660296912e-04
1.024940330535173460e-04
1.023343857377767622e-04
1.021702424623072093e-04
1.020037452690303326e-04
1.018375135026872109e-04
1.016706624068319760e-04
1.015141000971198060e-04
1.013533095829188878e-04
1.011863187886774524e-04
