3.844097558593750000e+04
4.066317285156250000e+04
4.311537890625000000e+04
4.434801269531250000e+04
4.313225781250000000e+04
4.205722656250000000e+04
4.128634960937500000e+04
4.218833691406250000e+04
4.278946484375000000e+04
4.422654394531250000e+04
4.558081933593750000e+04
4.797023339843750000e+04
4.960213281250000000e+04
5.062218847656250000e+04
5.322883593750000000e+04
5.409651171875000000e+04
5.595795703125000000e+04
5.584568359375000000e+04
5.635352929687500000e+04
5.959038671875000000e+04
5.840825976562500000e+04
5.914804687500000000e+04
5.648569921875000000e+04
6.471737890625000000e+04
6.843155468750000000e+04
6.127340429687500000e+04
6.226731152343750000e+04
5.989385253906250000e+04
5.654956152343750000e+04
5.027652832031250000e+04
4.480985351562500000e+04
3.834142089843750000e+04
4.034342431640625000e+04
3.987010839843750000e+04
2.841407861328125000e+04
2.372343701171875000e+04
2.514298388671875000e+04
2.217835205078125000e+04
2.306113769531250000e+04
2.483369677734375000e+04
2.043041235351562500e+04
1.602486645507812500e+04
1.392810644531250000e+04
1.153463061523437500e+04
9.892001708984375000e+03
8.541502929687500000e+03
7.373933227539062500e+03
6.708357421875000000e+03
6.125988403320312500e+03
5.639679077148437500e+03
5.435333740234375000e+03
5.095648925781250000e+03
4.795146606445312500e+03
4.586817626953125000e+03
4.459663330078125000e+03
4.245479187011718750e+03
4.063434204101562500e+03
3.976756103515625000e+03
3.863677124023437500e+03
3.739603088378906250e+03
3.625676452636718750e+03
3.534966735839843750e+03
3.424966796875000000e+03
3.346439147949218750e+03
3.275845642089843750e+03
3.203488464355468750e+03
3.139699218750000000e+03
3.064086669921875000e+03
2.994671020507812500e+03
2.937667358398437500e+03
2.884400024414062500e+03
2.824256896972656250e+03
2.768098144531250000e+03
2.717978088378906250e+03
2.655102600097656250e+03
2.603554870605468750e+03
2.555373535156250000e+03
2.507513549804687500e+03
2.462964294433593750e+03
2.418726257324218750e+03
2.377453063964843750e+03
2.337341247558593750e+03
2.294433959960937500e+03
2.257541015625000000e+03
2.218373474121093750e+03
2.181419250488281250e+03
2.145827758789062500e+03
2.112018432617187500e+03
2.080154541015625000e+03
2.048643341064453125e+03
2.017889923095703125e+03
1.987061065673828125e+03
1.956632751464843750e+03
1.928636596679687500e+03
1.898867553710937500e+03
1.872257904052734375e+03
1.845145446777343750e+03
1.817567504882812500e+03
1.793494995117187500e+03
1.768001739501953125e+03
1.743448394775390625e+03
1.732790649414062500e+03
1.722966827392578125e+03
1.713083221435546875e+03
1.703775543212890625e+03
1.694426940917968750e+03
1.685404327392578125e+03
1.676891693115234375e+03
1.668266540527343750e+03
1.659444946289062500e+03
1.650980682373046875e+03
1.642974945068359375e+03
1.633729431152343750e+03
1.625525115966796875e+03
1.617677551269531250e+03
1.609562194824218750e+03
1.601163909912109375e+03
1.593171356201171875e+03
1.585288635253906250e+03
1.577765045166015625e+03
1.570230682373046875e+03
1.562265075683593750e+03
1.554899932861328125e+03
1.547528106689453125e+03
1.540209136962890625e+03
1.532667846679687500e+03
1.525048309326171875e+03
1.517590911865234375e+03
1.510441009521484375e+03
1.503928253173828125e+03
1.497035064697265625e+03
1.490086334228515625e+03
1.483157531738281250e+03
1.476330993652343750e+03
1.469662750244140625e+03
1.463034515380859375e+03
1.456495178222656250e+03
1.450247955322265625e+03
1.443711883544921875e+03
1.437491760253906250e+03
1.430959655761718750e+03
1.424818420410156250e+03
1.418542114257812500e+03
1.412658081054687500e+03
1.406387603759765625e+03
1.400911865234375000e+03
1.395004699707031250e+03
1.389201995849609375e+03
1.383534393310546875e+03
1.377805053710937500e+03
1.371684478759765625e+03
1.370102386474609375e+03
1.368988159179687500e+03
1.367855377197265625e+03
1.367013641357421875e+03
1.365969940185546875e+03
1.365103759765625000e+03
1.364210510253906250e+03
1.363347351074218750e+03
1.362431823730468750e+03
1.361478912353515625e+03
1.360676971435546875e+03
1.359859832763671875e+03
1.358977020263671875e+03
1.358215972900390625e+03
1.357404235839843750e+03
1.356611419677734375e+03
1.355747772216796875e+03
1.355061462402343750e+03
1.354314758300781250e+03
1.353508087158203125e+03
1.352842437744140625e+03
1.351980102539062500e+03
1.351306518554687500e+03
1.350574737548828125e+03
1.349855407714843750e+03
1.349204650878906250e+03
1.348473632812500000e+03
1.347831207275390625e+03
1.346984313964843750e+03
1.346497833251953125e+03
1.345708129882812500e+03
1.345089202880859375e+03
1.344358428955078125e+03
1.343845306396484375e+03
1.343147003173828125e+03
1.342478607177734375e+03
1.341985595703125000e+03
1.341394805908203125e+03
1.340812103271484375e+03
1.340373931884765625e+03
1.339731140136718750e+03
1.339075927734375000e+03
1.338493560791015625e+03
1.338147674560546875e+03
1.337503906250000000e+03
1.337039489746093750e+03
1.336353271484375000e+03
1.335834686279296875e+03
1.335271697998046875e+03
