1.125110321044921875e+03
1.120999969482421875e+03
1.158112274169921875e+03
1.207712524414062500e+03
1.236164733886718750e+03
1.249249542236328125e+03
1.246605072021484375e+03
1.233059173583984375e+03
1.289266876220703125e+03
1.367682373046875000e+03
1.373525421142578125e+03
1.419684082031250000e+03
1.478772949218750000e+03
1.512056030273437500e+03
1.549856353759765625e+03
1.621574432373046875e+03
1.661066009521484375e+03
1.657450714111328125e+03
1.682757446289062500e+03
1.752404907226562500e+03
1.870690185546875000e+03
1.892126647949218750e+03
1.785098449707031250e+03
1.844928985595703125e+03
1.851579406738281250e+03
1.774791137695312500e+03
1.875104095458984375e+03
1.693418548583984375e+03
1.650884918212890625e+03
1.835147216796875000e+03
1.925442108154296875e+03
1.660071411132812500e+03
1.489316162109375000e+03
1.302295715332031250e+03
1.595904449462890625e+03
1.702852996826171875e+03
1.429426116943359375e+03
1.156287902832031250e+03
1.096717269897460938e+03
9.411437988281250000e+02
7.992610473632812500e+02
6.478968658447265625e+02
5.889951477050781250e+02
4.837132873535156250e+02
4.324874801635742188e+02
3.857413177490234375e+02
3.323341751098632812e+02
3.004296035766601562e+02
2.725095291137695312e+02
2.369349479675292969e+02
2.160972137451171875e+02
2.065899200439453125e+02
1.957258148193359375e+02
1.872398605346679688e+02
1.756589622497558594e+02
1.682496185302734375e+02
1.606222839355468750e+02
1.539655189514160156e+02
1.480320816040039062e+02
1.431906852722167969e+02
1.367151184082031250e+02
1.309070014953613281e+02
1.272221107482910156e+02
1.220284500122070312e+02
1.177788429260253906e+02
1.130301666259765625e+02
1.091499385833740234e+02
1.055732116699218750e+02
1.021234912872314453e+02
9.828108215332031250e+01
9.469371604919433594e+01
9.162307739257812500e+01
8.838771820068359375e+01
8.531458663940429688e+01
8.238893127441406250e+01
7.975124740600585938e+01
7.744319152832031250e+01
7.515856742858886719e+01
7.258852577209472656e+01
7.067708969116210938e+01
6.863279151916503906e+01
6.660762596130371094e+01
6.470219421386718750e+01
6.295881462097167969e+01
6.110535907745361328e+01
5.955109214782714844e+01
5.782046699523925781e+01
5.643146038055419922e+01
5.498091316223144531e+01
5.350660133361816406e+01
5.259727954864501953e+01
5.054006195068359375e+01
5.003864002227783203e+01
4.941353797912597656e+01
4.812852764129638672e+01
4.726052188873291016e+01
4.575434875488281250e+01
4.498641681671142578e+01
4.679742336273193359e+01
5.892094802856445312e+01
5.651064872741699219e+01
5.268556880950927734e+01
4.872965145111083984e+01
4.597701168060302734e+01
4.415986633300781250e+01
4.231139373779296875e+01
4.120447158813476562e+01
3.956963253021240234e+01
3.838600540161132812e+01
3.773325443267822266e+01
3.703704833984375000e+01
3.646814918518066406e+01
3.596135807037353516e+01
3.551640415191650391e+01
3.508259010314941406e+01
3.469927310943603516e+01
3.430189609527587891e+01
3.394399642944335938e+01
3.359588050842285156e+01
3.323574733734130859e+01
3.290143108367919922e+01
3.256928825378417969e+01
3.224570274353027344e+01
3.190074396133422852e+01
3.159552097320556641e+01
3.127735090255737305e+01
3.094022035598754883e+01
3.063101196289062500e+01
3.032454824447631836e+01
3.001139974594116211e+01
2.971485090255737305e+01
2.942477798461914062e+01
2.910505628585815430e+01
2.882516431808471680e+01
2.855107927322387695e+01
2.824312448501586914e+01
2.795349407196044922e+01
2.766363716125488281e+01
2.740125894546508789e+01
2.711928272247314453e+01
2.684188652038574219e+01
2.655985450744628906e+01
2.629418277740478516e+01
2.604400587081909180e+01
2.576158237457275391e+01
2.549643945693969727e+01
2.523089551925659180e+01
2.499158477783203125e+01
2.473419046401977539e+01
2.448388338088989258e+01
2.419941043853759766e+01
2.407294178009033203e+01
2.396487474441528320e+01
2.385336112976074219e+01
2.374327182769775391e+01
2.363643980026245117e+01
2.352626514434814453e+01
2.342460536956787109e+01
2.332341957092285156e+01
2.321619939804077148e+01
2.311244106292724609e+01
2.300705099105834961e+01
2.289879703521728516e+01
2.279798460006713867e+01
2.269388389587402344e+01
2.259495496749877930e+01
2.248609447479248047e+01
2.238496971130371094e+01
2.228121614456176758e+01
2.217871570587158203e+01
2.207023048400878906e+01
2.197397804260253906e+01
2.187038040161132812e+01
2.177270126342773438e+01
2.167001295089721680e+01
2.156962299346923828e+01
2.146534252166748047e+01
2.136202573776245117e+01
2.126731252670288086e+01
2.115673971176147461e+01
2.106494140625000000e+01
2.096364450454711914e+01
2.086117935180664062e+01
2.076087617874145508e+01
2.065896129608154297e+01
2.056178426742553711e+01
2.045924139022827148e+01
2.035757017135620117e+01
2.026185655593872070e+01
2.016066026687622070e+01
2.006166124343872070e+01
1.996796083450317383e+01
1.986176872253417969e+01
1.976489019393920898e+01
1.966308784484863281e+01
1.956409025192260742e+01
1.946965169906616211e+01
1.936383581161499023e+01
1.926837635040283203e+01
1.916896295547485352e+01
