1.672631315886974291e-03
1.568798944354057347e-03
1.604346260428428589e-03
1.533473692834377367e-03
1.523184776306152300e-03
1.474670395255088832e-03
1.446130499243736310e-03
1.424488723278045758e-03
1.404768861830234597e-03
1.379158236086368457e-03
1.367616690695285788e-03
1.362978033721447008e-03
1.392148286104202349e-03
1.333292424678802568e-03
1.366445086896419516e-03
1.330832354724407291e-03
1.297469828277826413e-03
1.323680412024259585e-03
1.318124234676361188e-03
1.298569925129413683e-03
1.251232922077179059e-03
1.271548420190811131e-03
1.226696930825710340e-03
1.255319174379110293e-03
1.198902837932109937e-03
1.200203280895948375e-03
1.168293990194797620e-03
1.205751914530992517e-03
1.145125329494476284e-03
1.090191081166267404e-03
1.091457176953554127e-03
1.017186809331178683e-03
9.913429431617258938e-04
9.689228422939777201e-04
9.289048984646797527e-04
9.571426548063754819e-04
8.427266962826252200e-04
7.893556356430054015e-04
7.249025814235210158e-04
7.278324291110038714e-04
7.203927636146545107e-04
6.464127637445927057e-04
6.106363795697688579e-04
5.747675243765116215e-04
4.992835875600576791e-04
4.700307920575141647e-04
4.343270137906074676e-04
4.025782737880945249e-04
3.787536174058913968e-04
3.604708891361951676e-04
3.406099323183298154e-04
3.316104225814342325e-04
3.199163638055324706e-04
3.136300202459096757e-04
3.068208461627364159e-04
2.990020113065839052e-04
2.912136632949113651e-04
2.835047710686922008e-04
2.749141538515687097e-04
2.674265764653682492e-04
2.617870550602674679e-04
2.557577937841415644e-04
2.507863705977797530e-04
2.454550284892320785e-04
2.408390818163752512e-04
2.361209457740187623e-04
2.308746241033077153e-04
2.278950670734047857e-04
2.228273637592792489e-04
2.182666957378387332e-04
2.151599014177918412e-04
2.101847389712929628e-04
2.071587089449167262e-04
2.031172253191471024e-04
2.002488402649760181e-04
1.962562371045351018e-04
1.923355041071772467e-04
1.892191125079989487e-04
1.862160535529255834e-04
1.833577780053019600e-04
1.804814254865050197e-04
1.782413059845566652e-04
1.752358581870794361e-04
1.727447938174009301e-04
1.697411434724927024e-04
1.672186003997922041e-04
1.650762790814042026e-04
1.626594131812453237e-04
1.605020510032773148e-04
1.582958968356251608e-04
1.564909028820693623e-04
1.539778686128556804e-04
1.519390894100070097e-04
1.500321482308209040e-04
1.479853596538305348e-04
1.461803121492266731e-04
1.442420762032270432e-04
1.424663397483527704e-04
1.407698635011911305e-04
1.390847633592784426e-04
1.372291473671793829e-04
1.362801971845328786e-04
1.354529405944049250e-04
1.345579791814088811e-04
1.337461289949715137e-04
1.329523767344653574e-04
1.321835885755717624e-04
1.313675008714199055e-04
1.306313625536859155e-04
1.298217405565083038e-04
1.291125407442450556e-04
1.283329236321151170e-04
1.276282244361937154e-04
1.269563566893339211e-04
1.263144845142960451e-04
1.255772681906819365e-04
1.249322108924388907e-04
1.241508987732231725e-04
1.234237849712371815e-04
1.226983102969825224e-04
1.220094994641840452e-04
1.213816506788134510e-04
1.206880249083042134e-04
1.199830113910138574e-04
1.193226384930312671e-04
1.187371392734348785e-04
1.180259860120713711e-04
1.174122723750770081e-04
1.167790731415152523e-04
1.161665003746747987e-04
1.154718291945755438e-04
1.148453308269381529e-04
1.142434147186577277e-04
1.136057334952056348e-04
1.130183716304600288e-04
1.124111353419721181e-04
1.117985812015831470e-04
1.112316735088825280e-04
1.106493035331368479e-04
1.100217341445386410e-04
1.094605866819620165e-04
1.088743447326123714e-04
1.082616089843213574e-04
1.076993555761873771e-04
1.071546738967299478e-04
1.066080643795430714e-04
1.060591777786612538e-04
1.054603303782641850e-04
1.049643126316368531e-04
1.044018799439072549e-04
1.037608552724122958e-04
1.034666830673813863e-04
1.031794142909348060e-04
1.029202807694673517e-04
1.026310073211789147e-04
1.023590145632624615e-04
1.021015108563005978e-04
1.018355530686676491e-04
1.015787967480719057e-04
1.013052789494395224e-04
1.010455773212015656e-04
1.007888256572186996e-04
1.005189237184822538e-04
1.002647588029503790e-04
1.000056555494666143e-04
9.975631022825837732e-05
9.948066901415585821e-05
9.924111887812614116e-05
9.897863026708364053e-05
9.870423702523111647e-05
9.845983469858766036e-05
9.823820088058709773e-05
9.796247351914644133e-05
9.771021548658609228e-05
9.744776412844658386e-05
9.719659807160497200e-05
9.694517822936177145e-05
9.669887367635965347e-05
9.645425481721758734e-05
9.620195720344782092e-05
9.594425326213240461e-05
9.569904068484902382e-05
9.544702945277094733e-05
9.520347230136394230e-05
9.496241109445691380e-05
9.469730779528618455e-05
9.446450276300311360e-05
9.421991650015116226e-05
9.397440357133745930e-05
9.373977547511458831e-05
9.349576896056533293e-05
9.323746897280216325e-05
9.299317141994834055e-05
9.277831995859741623e-05
9.252323769032955820e-05
9.227455826476216804e-05
9.204144822433591106e-05
9.180440101772547310e-05
9.156271116808056289e-05
9.132976643741130504e-05
