1.651481352746486751e-03
1.581277400255203186e-03
1.557029820978641545e-03
1.545883044600486781e-03
1.508909985423088082e-03
1.508088000118732374e-03
1.474844627082347965e-03
1.442689262330532117e-03
1.416500806808471602e-03
1.409119293093681396e-03
1.402974613010883349e-03
1.390303708612918845e-03
1.393293738365173349e-03
1.388323195278644501e-03
1.358669549226760925e-03
1.370477080345153861e-03
1.342079080641269632e-03
1.346537508070468807e-03
1.355000287294387800e-03
1.355857197195291589e-03
1.310698278248310141e-03
1.335973814129829372e-03
1.302293445914983697e-03
1.275244988501071826e-03
1.245756875723600396e-03
1.202822905033826837e-03
1.172206401824951207e-03
1.117616277188062746e-03
1.075984481722116505e-03
1.025593504309654140e-03
1.189737953245639714e-03
1.082151513546705324e-03
1.094309017062187290e-03
1.108128968626260688e-03
1.010168045759200989e-03
9.936245530843734654e-04
9.452491626143456026e-04
8.835769444704055960e-04
8.736578188836574034e-04
8.907465822994708885e-04
9.366021119058132042e-04
9.170701354742050691e-04
9.224249795079231522e-04
9.072296321392059543e-04
8.161999285221099854e-04
7.565028406679630193e-04
7.260429859161376693e-04
7.147028017789125789e-04
7.097718212753533797e-04
7.693878002464771141e-04
7.010634057223796628e-04
6.390028260648251100e-04
5.895390827208757574e-04
5.629121139645576737e-04
5.276019405573606665e-04
5.009229108691215559e-04
4.842466302216052879e-04
4.572970513254403808e-04
4.476032685488462231e-04
4.214538726955652454e-04
4.267975222319364331e-04
4.097411874681711197e-04
4.219571128487586975e-04
4.039908945560455170e-04
3.617859072983264685e-04
3.659657202661037553e-04
3.698339778929949002e-04
3.312952630221843871e-04
3.641980700194835771e-04
3.187421523034572862e-04
3.711002413183450482e-04
3.447946440428495342e-04
3.388271806761622234e-04
3.293243749067187136e-04
3.246563393622637034e-04
3.118245257064699888e-04
2.938697673380374995e-04
2.925645187497139064e-04
3.000821871683001366e-04
2.959462627768516584e-04
2.738254098221659509e-04
2.864123275503516371e-04
2.964060055091977336e-04
2.844574442133307283e-04
2.875335933640598991e-04
2.785587776452303128e-04
2.774328738451004289e-04
2.747022313997149684e-04
2.387940045446157325e-04
2.551019331440329465e-04
2.559229405596852107e-04
2.393096266314387365e-04
2.397612482309341366e-04
2.503894548863172574e-04
2.283700788393616720e-04
2.419120352715253895e-04
2.331912005320191286e-04
2.170426119118929007e-04
2.551099564880132502e-04
2.295348607003688747e-04
2.155356481671333443e-04
2.068280428647995114e-04
2.021534694358706561e-04
1.983017753809690508e-04
1.851946255192160574e-04
1.804195763543248296e-04
1.776649709790945031e-04
1.747290673665702354e-04
1.729858946055173896e-04
1.712515903636813120e-04
1.693555992096662543e-04
1.674995757639408003e-04
1.675631245598197016e-04
1.648722053505480246e-04
1.647909940220415711e-04
1.611594064161181461e-04
1.637404970824718378e-04
1.604593847878277432e-04
1.608701469376683279e-04
1.595877460204064900e-04
1.616525929421186393e-04
1.581150852143764485e-04
1.597832306288182735e-04
1.592054520733654412e-04
1.575153274461627126e-04
1.571934972889721513e-04
1.601522485725581744e-04
1.496651209890842546e-04
1.629704795777797710e-04
1.612307690083980571e-04
1.588978106155991608e-04
1.546529866755008741e-04
1.500249910168349862e-04
1.503336429595947168e-04
1.559967640787363052e-04
1.452683820389211069e-04
1.483409758657217058e-04
1.477554719895124533e-04
1.540637505240738435e-04
1.395957288332283421e-04
1.395893166773021330e-04
1.560010621324181470e-04
1.383441779762506420e-04
1.559706358239054745e-04
1.375747169367969112e-04
1.528055057860910947e-04
1.529824803583323956e-04
1.529981032945215648e-04
1.468144869431853392e-04
1.469295099377632011e-04
1.502085453830659476e-04
1.454857899807393464e-04
1.405932917259633465e-04
1.340737938880920540e-04
1.319636870175599987e-04
1.295799529179930763e-04
1.283268094994127642e-04
1.271236315369605942e-04
1.262705400586128159e-04
1.257385080680251187e-04
1.250717020593583573e-04
1.246007182635366938e-04
1.241604657843709025e-04
1.236720988526940335e-04
1.232959353365004084e-04
1.228916039690375426e-04
1.225153496488928892e-04
1.220969832502305616e-04
1.217660377733409459e-04
1.214608573354780614e-04
1.210365607403218762e-04
1.208473509177565537e-04
1.205479679629206695e-04
1.201683422550558990e-04
1.196199026890099065e-04
1.193732139654457542e-04
1.189661631360650128e-04
1.185225695371627802e-04
1.183001347817480613e-04
1.180053083226084715e-04
1.175984693691134491e-04
1.173022110015153825e-04
1.169135537929832968e-04
1.165080512873828454e-04
1.161156757734716004e-04
1.157785207033157397e-04
1.154672866687178547e-04
1.152231544256210311e-04
1.149479718878865307e-04
1.145259873010218133e-04
1.143886195495724689e-04
1.142311305738985473e-04
1.141898985952138912e-04
1.138945715501904536e-04
1.136675127781927586e-04
1.134283095598220836e-04
1.127932919189333916e-04
1.125550922006368643e-04
1.120742596685886448e-04
1.114575285464525228e-04
1.111410837620496766e-04
1.108253444544970946e-04
1.105601759627461493e-04
1.103307260200381246e-04
1.101373275741934711e-04
1.099798688665032392e-04
1.098473626188933887e-04
1.096930657513439666e-04
1.095451344735920473e-04
1.093707443214952989e-04
1.091802422888577001e-04
1.091663469560444388e-04
1.090251188725233094e-04
1.088056690059602212e-04
1.086370716802775822e-04
1.084527606144547457e-04
1.082665286958217648e-04
1.081044413149356793e-04
1.079528126865625354e-04
1.078195543959736873e-04
1.077053789049387016e-04
1.075863139703869847e-04
1.073536416515707981e-04
1.072210888378322141e-04
1.070152968168258694e-04
1.068729185499250894e-04
1.067457906901836379e-04
1.065410254523158008e-04
1.063981372863054319e-04
1.062648301012813980e-04
1.060904818587005193e-04
1.059101987630128920e-04
1.057593268342316096e-04
1.056495821103453636e-04
1.055062422528862921e-04
1.053620665334165107e-04
1.051719789393246223e-04
1.050298777408897909e-04
1.048671407625079160e-04
1.047126925550401270e-04
1.045892061665654117e-04
1.044175820425152724e-04
1.042671222239732753e-04
1.041145552881061998e-04
1.039751130156219054e-04
1.038930704817175925e-04
1.036422303877770879e-04
1.034862152300774991e-04
1.033403608016669685e-04
1.033002743497490856e-04
1.029990380629897118e-04
1.028764294460415894e-04
1.027918350882828252e-04
1.027029752731323204e-04
1.026289002038538499e-04
1.025450509041547808e-04
1.024709455668926206e-04
1.024177065119147328e-04
1.023331703618168820e-04
1.022647484205663204e-04
1.021758443675935209e-04
1.021210919134318829e-04
1.020182180218398511e-04
1.019645296037197129e-04
1.018444658257067258e-04
1.017933432012796440e-04
1.017289119772612994e-04
1.016278844326734548e-04
1.015508198179304627e-04
1.014624116942286470e-04
1.013891771435737637e-04
1.013183384202420739e-04
1.012630295008420998e-04
1.011862559244036615e-04
1.010861457325518137e-04
1.010150741785764700e-04
1.009190012700855727e-04
1.008363836444914276e-04
1.007506437599658901e-04
1.006863056682050261e-04
1.005966123193502367e-04
1.005379413254559002e-04
1.004624622873961904e-04
1.003649621270596938e-04
1.003056135959923305e-04
1.002105907537043143e-04
1.001550746150314851e-04
1.000688038766384103e-04
1.000106567516922951e-04
9.992104955017567006e-05
9.982779156416654045e-05
9.975290158763528141e-05
9.966587880626320893e-05
9.958265349268913052e-05
9.950813371688127355e-05
9.944062214344739263e-05
9.936142480000853701e-05
9.926702827215195027e-05
9.922139579430223053e-05
9.914033813402056911e-05
9.899629047140479467e-05
9.896832052618265423e-05
9.892456233501434543e-05
9.887851541861891530e-05
9.883566759526730072e-05
9.879850083962083242e-05
9.874872164800763781e-05
9.870850481092929569e-05
9.866775246337056594e-05
9.862824110314250155e-05
9.858771460130810954e-05
9.854749543592334227e-05
9.851061739027500261e-05
9.847506880760193142e-05
9.842827916145324490e-05
9.837929159402847886e-05
9.834312601014971950e-05
9.830252733081579534e-05
9.827273664996028001e-05
9.822202380746603121e-05
9.819683618843555721e-05
9.816074976697564613e-05
9.809525683522224047e-05
9.806405752897262194e-05
9.801262291148305156e-05
9.797768434509635243e-05
9.793450357392430089e-05
9.789269883185625131e-05
9.785859147086739811e-05
9.781895205378532681e-05
9.781175525858997811e-05
9.774049511179327531e-05
9.771240642294288278e-05
9.764448041096329147e-05
9.761990630067884759e-05
9.756492218002677506e-05
9.754575788974762559e-05
9.748308220878243988e-05
9.744490729644894654e-05
9.739936795085668022e-05
9.736510924994946014e-05
9.732478531077504592e-05
9.727711556479335482e-05
9.722382994368671991e-05
9.719145251438021335e-05
9.714381070807575963e-05
9.711266728118061586e-05
9.709067875519394387e-05
9.702227544039487839e-05
9.698357665911316384e-05
9.691976709291338487e-05
9.690105682238936316e-05
9.687070501968264797e-05
9.685538941994308992e-05
9.683069074526429718e-05
9.680949850007891763e-05
9.678440168499947191e-05
9.676015237346291596e-05
9.675205452367662787e-05
9.672115324065089280e-05
9.670004248619080024e-05
9.668302722275257165e-05
9.665177203714847836e-05
9.663593024015426039e-05
9.661015355959534916e-05
9.659354574978351485e-05
9.656863287091255080e-05
9.654896100983023752e-05
9.652681415900588252e-05
9.651059983298182379e-05
9.647985454648733302e-05
9.645631071180105480e-05
9.643972385674715530e-05
9.641717188060283119e-05
9.640098083764314597e-05
9.637375595048070062e-05
9.634888730943203135e-05
9.632639586925505941e-05
9.630669606849550876e-05
9.628287050873041803e-05
9.625781560316681482e-05
9.623565245419740243e-05
9.621963836252689633e-05
9.619684424251317707e-05
9.617034811526536942e-05
9.615105809643865174e-05
9.612491820007562746e-05
9.610494365915656686e-05
9.607785614207386971e-05
9.605627739802003069e-05
9.603957179933786555e-05
9.601176017895340811e-05
9.598789736628532518e-05
9.596646996214985305e-05
9.594589471817016168e-05
9.592626709491014318e-05
9.590191999450325641e-05
9.587476961314678192e-05
9.585073217749595859e-05
9.583446197211742510e-05
9.580132318660616604e-05
9.578964207321405519e-05
9.577831951901316643e-05
9.576509706676006805e-05
9.575339034199714498e-05
9.574314579367637472e-05
9.573146933689714129e-05
9.572101756930351583e-05
9.571072179824113466e-05
9.569782763719558228e-05
9.568341542035341588e-05
9.567807195708155686e-05
9.566209744662046812e-05
9.564796229824423682e-05
9.564151521772146062e-05
9.562551276758313450e-05
9.561376180499791665e-05
9.560361737385391593e-05
9.559007827192545154e-05
9.557973360642791174e-05
9.556940058246255192e-05
9.555406635627151132e-05
9.554179618135094968e-05
9.553013835102319880e-05
9.551772149279713414e-05
9.550563758239150644e-05
9.549720212817191752e-05
9.548232192173600468e-05
9.547370485961437280e-05
9.545894572511315075e-05
9.544418426230550354e-05
9.543447522446513447e-05
9.542389772832394080e-05
9.541078470647335324e-05
9.539888473227620721e-05
9.538669139146804159e-05
9.537302888929843415e-05
9.536550496704875881e-05
9.535096352919936614e-05
9.533593431115149801e-05
9.532446507364511978e-05
9.531184332445263863e-05
9.529838804155588638e-05
9.528813185170292258e-05
9.527671849355101911e-05
9.526313748210668510e-05
9.525132365524768992e-05
9.523812448605895151e-05
9.522598935291171291e-05
9.521280415356159319e-05
9.519927436485887007e-05
9.519169107079506191e-05
9.518565842881798256e-05
9.517950238659977371e-05
9.517259895801544461e-05
9.516601450741290667e-05
9.516027057543396950e-05
9.515335550531744686e-05
9.514665929600595940e-05
9.514119476079940959e-05
9.513473603874445341e-05
9.512989548966288079e-05
9.512333432212471637e-05
9.511498734354973056e-05
9.510783012956381278e-05
9.510510601103305979e-05
9.509787429124117114e-05
9.508989285677670999e-05
9.508315008133650260e-05
9.507693583145738027e-05
9.507243521511554718e-05
9.506469825282693343e-05
9.505751542747020342e-05
9.505251888185740005e-05
9.504630463197827773e-05
9.503897977992892211e-05
9.502969565801322406e-05
9.502400876954198100e-05
9.501956170424818396e-05
9.501112857833504731e-05
9.500606218352913694e-05
9.499938460066914558e-05
9.499340318143367713e-05
9.498532162979244644e-05
9.497843915596603859e-05
9.497449733316898021e-05
9.496775688603519797e-05
9.495962876826524734e-05
9.495178936049342535e-05
9.494679514318704714e-05
9.493951452895998630e-05
9.493058780208230452e-05
9.492863900959492272e-05
9.492205455899238478e-05
9.491245495155454007e-05
9.490685071796178980e-05
9.489877382293343652e-05
9.489214280620217865e-05
9.488485869951545975e-05
9.487907402217388587e-05
