1.015904515981674194e+00
9.926165193319320679e-01
9.864083677530288696e-01
9.739668518304824829e-01
9.469568282365798950e-01
9.178430736064910889e-01
8.775131404399871826e-01
8.397150188684463501e-01
8.179747611284255981e-01
8.134472221136093140e-01
8.040553778409957886e-01
8.008510023355484009e-01
7.990822941064834595e-01
7.921251356601715088e-01
7.795379459857940674e-01
7.718326300382614136e-01
7.661674767732620239e-01
7.746074050664901733e-01
7.705475240945816040e-01
7.675116062164306641e-01
7.533164918422698975e-01
7.389823347330093384e-01
7.294238656759262085e-01
7.069765776395797729e-01
6.961982697248458862e-01
6.684158295392990112e-01
6.448425352573394775e-01
6.229501515626907349e-01
5.938404500484466553e-01
5.662907063961029053e-01
6.672122627496719360e-01
6.008644402027130127e-01
5.866409093141555786e-01
5.744507461786270142e-01
5.479845106601715088e-01
5.187608376145362854e-01
4.980345815420150757e-01
4.656434282660484314e-01
4.757037013769149780e-01
4.997609332203865051e-01
5.164595246315002441e-01
5.062841176986694336e-01
5.102296993136405945e-01
4.926548376679420471e-01
4.249356463551521301e-01
4.014172926545143127e-01
3.857560083270072937e-01
3.935939073562622070e-01
3.901838734745979309e-01
4.142649322748184204e-01
3.644635900855064392e-01
3.429101184010505676e-01
3.149403706192970276e-01
3.001406267285346985e-01
2.783519253134727478e-01
2.647158131003379822e-01
2.570521272718906403e-01
2.442666441202163696e-01
2.398356609046459198e-01
2.264468781650066376e-01
2.336563505232334137e-01
2.240920849144458771e-01
2.351639308035373688e-01
2.233849130570888519e-01
1.982182562351226807e-01
2.025242932140827179e-01
2.067407928407192230e-01
1.853844672441482544e-01
2.068645395338535309e-01
1.785994321107864380e-01
2.121782340109348297e-01
1.976486481726169586e-01
1.925700157880783081e-01
1.902885995805263519e-01
1.867044642567634583e-01
1.795906238257884979e-01
1.676424108445644379e-01
1.689554452896118164e-01
1.735809892416000366e-01
1.697006337344646454e-01
1.591719537973403931e-01
1.670573353767395020e-01
1.723838672041893005e-01
1.660584248602390289e-01
1.675906255841255188e-01
1.646526157855987549e-01
1.628797203302383423e-01
1.603677645325660706e-01
1.420922949910163879e-01
1.495135836303234100e-01
1.518901139497756958e-01
1.411632224917411804e-01
1.410794220864772797e-01
1.489691510796546936e-01
1.349506564438343048e-01
1.445838101208209991e-01
1.388397328555583954e-01
1.312282457947731018e-01
1.517753861844539642e-01
1.375797148793935776e-01
1.286607328802347183e-01
1.246060337871313095e-01
1.222144607454538345e-01
1.198325231671333313e-01
1.116301119327545166e-01
1.091456245630979538e-01
1.079337913542985916e-01
1.062849778681993484e-01
1.054902225732803345e-01
1.047098543494939804e-01
1.033881939947605133e-01
1.025785133242607117e-01
1.024232842028141022e-01
1.014821007847785950e-01
1.010966841131448746e-01
9.947809763252735138e-02
1.004965100437402725e-01
9.893363527953624725e-02
9.903433546423912048e-02
9.853840433061122894e-02
9.914617985486984253e-02
9.833214432001113892e-02
9.830611757934093475e-02
9.872225113213062286e-02
9.686608612537384033e-02
9.734983555972576141e-02
9.869579412043094635e-02
9.372659586369991302e-02
1.002275869250297546e-01
9.976262226700782776e-02
9.848646819591522217e-02
9.585989639163017273e-02
9.353308938443660736e-02
9.403068013489246368e-02
9.694700315594673157e-02
9.125049225986003876e-02
9.256859309971332550e-02
9.243302419781684875e-02
9.552357718348503113e-02
8.815217576920986176e-02
8.813210576772689819e-02
9.669261425733566284e-02
8.728040382266044617e-02
9.670084342360496521e-02
8.706434443593025208e-02
9.500033967196941376e-02
9.597183018922805786e-02
9.429317899048328400e-02
9.218671172857284546e-02
9.227701649069786072e-02
9.347740001976490021e-02
9.081627614796161652e-02
8.874261565506458282e-02
8.518106676638126373e-02
8.366044051945209503e-02
8.239414542913436890e-02
8.180071413516998291e-02
8.124702982604503632e-02
8.074429258704185486e-02
8.036250062286853790e-02
8.004312217235565186e-02
7.974847033619880676e-02
7.950399816036224365e-02
7.922863028943538666e-02
7.900595851242542267e-02
7.877794094383716583e-02
7.857985049486160278e-02
7.835285179316997528e-02
7.815077714622020721e-02
7.798712514340877533e-02
7.773193158209323883e-02
7.762702926993370056e-02
7.745121605694293976e-02
7.723900116980075836e-02
7.696862891316413879e-02
7.684026286005973816e-02
7.660360261797904968e-02
7.634931057691574097e-02
7.620471529662609100e-02
7.603410817682743073e-02
7.579345256090164185e-02
7.563631795346736908e-02
7.541101612150669098e-02
7.518675737082958221e-02
7.498396746814250946e-02
7.480478659272193909e-02
7.459636591374874115e-02
7.445401698350906372e-02
7.432320527732372284e-02
7.409649156033992767e-02
7.397151365876197815e-02
7.392033748328685760e-02
7.383275218307971954e-02
7.363651506602764130e-02
7.360218279063701630e-02
7.349209301173686981e-02
7.303763180971145630e-02
7.294127531349658966e-02
7.265014015138149261e-02
7.235630042850971222e-02
7.210791110992431641e-02
7.195381633937358856e-02
7.180831581354141235e-02
7.167162001132965088e-02
7.156276330351829529e-02
7.147301174700260162e-02
7.139845378696918488e-02
7.130390964448451996e-02
7.121543213725090027e-02
7.113875634968280792e-02
7.103573903441429138e-02
7.099448330700397491e-02
7.090138643980026245e-02
7.078832387924194336e-02
7.069668360054492950e-02
7.059562765061855316e-02
7.049677520990371704e-02
7.041177898645401001e-02
7.031764462590217590e-02
7.023659348487854004e-02
7.015970535576343536e-02
7.007790170609951019e-02
6.998510286211967468e-02
6.988939456641674042e-02
6.978246010839939117e-02
6.970242597162723541e-02
6.960926577448844910e-02
6.950983777642250061e-02
6.942521780729293823e-02
6.934686750173568726e-02
6.924831680953502655e-02
6.914949789643287659e-02
6.905939429998397827e-02
6.898171827197074890e-02
6.891045719385147095e-02
6.882186420261859894e-02
6.872142106294631958e-02
6.863414123654365540e-02
6.854026019573211670e-02
6.845597736537456512e-02
6.837288476526737213e-02
6.828069686889648438e-02
6.818928755819797516e-02
6.810111925005912781e-02
6.803397461771965027e-02
6.796021200716495514e-02
6.784588471055030823e-02
6.775691732764244080e-02
6.767716072499752045e-02
6.763221137225627899e-02
6.745411641895771027e-02
6.739289313554763794e-02
6.734643131494522095e-02
6.729802861809730530e-02
6.725059077143669128e-02
6.720261275768280029e-02
6.715860776603221893e-02
6.712076626718044281e-02
6.707989796996116638e-02
6.703804992139339447e-02
6.698873359709978104e-02
6.695544812828302383e-02
6.690215319395065308e-02
6.685751304030418396e-02
6.680230610072612762e-02
6.676361896097660065e-02
6.671860441565513611e-02
6.666564382612705231e-02
6.661959737539291382e-02
6.657424382865428925e-02
6.653293594717979431e-02
6.649015005677938461e-02
6.645180098712444305e-02
6.640599854290485382e-02
6.635200791060924530e-02
6.630573328584432602e-02
6.626028101891279221e-02
6.621271185576915741e-02
6.616924144327640533e-02
6.613077968358993530e-02
6.607771478593349457e-02
6.603713147342205048e-02
6.599613651633262634e-02
6.594253890216350555e-02
6.590579077601432800e-02
6.585137732326984406e-02
6.581766717135906219e-02
6.576722674071788788e-02
6.573699414730072021e-02
6.568504869937896729e-02
6.563386879861354828e-02
6.558659486472606659e-02
6.553457677364349365e-02
6.549098901450634003e-02
6.544514931738376617e-02
6.540560536086559296e-02
6.536289397627115250e-02
6.531096994876861572e-02
6.527049466967582703e-02
6.522746756672859192e-02
6.516127567738294601e-02
6.513368524610996246e-02
6.510513648390769958e-02
6.507946737110614777e-02
6.505507696419954300e-02
6.503193825483322144e-02
6.500645820051431656e-02
6.498551927506923676e-02
6.496236566454172134e-02
6.493698619306087494e-02
6.491319276392459869e-02
6.488893087953329086e-02
6.486846320331096649e-02
6.484486162662506104e-02
6.481891684234142303e-02
6.479479931294918060e-02
6.477352231740951538e-02
6.474874913692474365e-02
6.472713500261306763e-02
6.470246985554695129e-02
6.468573492020368576e-02
6.466004624962806702e-02
6.463259831070899963e-02
6.460922583937644958e-02
6.458472087979316711e-02
6.456031836569309235e-02
6.453700829297304153e-02
6.451480463147163391e-02
6.449684873223304749e-02
6.447358056902885437e-02
6.445979978889226913e-02
6.442699301987886429e-02
6.440050899982452393e-02
6.437401473522186279e-02
6.435151211917400360e-02
6.433264259248971939e-02
6.430826708674430847e-02
6.429101806133985519e-02
6.425916031002998352e-02
6.423153914511203766e-02
6.420882232487201691e-02
6.418453343212604523e-02
6.415566429495811462e-02
6.413100287318229675e-02
6.410710141062736511e-02
6.408574804663658142e-02
6.406569015234708786e-02
6.404485832899808884e-02
6.401198357343673706e-02
6.398974079638719559e-02
6.395490840077400208e-02
6.394081562757492065e-02
6.392624415457248688e-02
6.391397770494222641e-02
6.390152312815189362e-02
6.388897635042667389e-02
6.387484818696975708e-02
6.386252865195274353e-02
6.385167874395847321e-02
6.383832264691591263e-02
6.382550951093435287e-02
6.381359882652759552e-02
6.380033493041992188e-02
6.378911249339580536e-02
6.377541460096836090e-02
6.376436259597539902e-02
6.375173944979906082e-02
6.373909581452608109e-02
6.372627336531877518e-02
6.371435802429914474e-02
6.370212417095899582e-02
6.368787586688995361e-02
6.367610394954681396e-02
6.366503238677978516e-02
6.365356780588626862e-02
6.363878771662712097e-02
6.362526863813400269e-02
6.361251883208751678e-02
6.359967961907386780e-02
6.358625367283821106e-02
6.357421260327100754e-02
6.356093380600214005e-02
6.354946084320545197e-02
6.353648193180561066e-02
6.352422200143337250e-02
6.351066008210182190e-02
6.349669024348258972e-02
6.348448432981967926e-02
6.347152218222618103e-02
6.345769204199314117e-02
6.344577670097351074e-02
6.343246996402740479e-02
6.341957207769155502e-02
6.340677198022603989e-02
6.339334417134523392e-02
6.338202767074108124e-02
6.336689461022615433e-02
6.335442885756492615e-02
6.334061082452535629e-02
6.332906335592269897e-02
6.331084109842777252e-02
6.330369878560304642e-02
6.329704634845256805e-02
6.329029891639947891e-02
6.328332144767045975e-02
6.327740103006362915e-02
6.327049061655998230e-02
6.326348800212144852e-02
6.325726862996816635e-02
6.325124111026525497e-02
6.324342265725135803e-02
6.323803868144750595e-02
6.323083397001028061e-02
6.322366278618574142e-02
6.321773119270801544e-02
6.321003753691911697e-02
6.320335436612367630e-02
6.319670379161834717e-02
6.319033354520797729e-02
6.318342778831720352e-02
6.317659933120012283e-02
6.316966470330953598e-02
6.316329818218946457e-02
6.315648369491100311e-02
6.314980424940586090e-02
6.314239185303449631e-02
6.313596758991479874e-02
6.312873214483261108e-02
6.312228180468082428e-02
6.311461329460144043e-02
6.310794968158006668e-02
6.310057919472455978e-02
6.309432722628116608e-02
6.308729946613311768e-02
6.308023724704980850e-02
6.307356152683496475e-02
6.306681223213672638e-02
6.306049786508083344e-02
6.305288337171077728e-02
6.304592732340097427e-02
6.303903367370367050e-02
6.303146667778491974e-02
6.302447151392698288e-02
6.301758252084255219e-02
6.301047932356595993e-02
6.300338357686996460e-02
6.299648247659206390e-02
6.298924237489700317e-02
6.298295967280864716e-02
6.297508906573057175e-02
6.296648550778627396e-02
6.296245753765106201e-02
6.295888032764196396e-02
6.295523699373006821e-02
6.295164581388235092e-02
6.294794194400310516e-02
6.294477172195911407e-02
6.294098030775785446e-02
6.293727178126573563e-02
6.293424963951110840e-02
6.293004937469959259e-02
6.292655970901250839e-02
6.292285397648811340e-02
6.291952636092901230e-02
6.291559804230928421e-02
6.291241105645895004e-02
6.290843430906534195e-02
6.290455628186464310e-02
6.290099304169416428e-02
6.289714202284812927e-02
6.289388518780469894e-02
6.288995873183012009e-02
6.288638804107904434e-02
6.288279406726360321e-02
6.287911813706159592e-02
6.287544406950473785e-02
6.287204101681709290e-02
6.286804657429456711e-02
6.286457553505897522e-02
6.286014243960380554e-02
6.285716500133275986e-02
6.285314634442329407e-02
6.284954492002725601e-02
6.284601334482431412e-02
6.284202635288238525e-02
6.283837463706731796e-02
6.283454690128564835e-02
6.283084396272897720e-02
6.282720156013965607e-02
6.282316148281097412e-02
6.281939707696437836e-02
6.281547248363494873e-02
6.281255465000867844e-02
6.280844472348690033e-02
6.280420906841754913e-02
6.280093826353549957e-02
6.279626488685607910e-02
6.279291585087776184e-02
6.278911139816045761e-02
6.278539076447486877e-02
