3.664486053633689880e+04
3.795964914393424988e+04
3.928681309556961060e+04
4.059987425994873047e+04
4.185253362679481506e+04
4.293288686466217041e+04
4.378598128628730774e+04
4.429476097869873047e+04
4.433183828353881836e+04
4.372425815343856812e+04
4.207574661278724670e+04
3.900166910088062286e+04
3.426743768274784088e+04
2.825991126871109009e+04
2.257629281073808670e+04
2.027720629513263702e+04
1.964553553074598312e+04
1.641470925098657608e+04
1.266580498892068863e+04
1.100028936344385147e+04
1.070841036045551300e+04
1.012562596297264099e+04
9.043629056781530380e+03
8.277983851492404938e+03
7.861957406848669052e+03
7.252858119457960129e+03
6.790081236302852631e+03
6.503542604953050613e+03
5.972048812225461006e+03
5.496499102473258972e+03
5.637508860111236572e+03
5.066833968609571457e+03
4.761283512517809868e+03
4.514176692500710487e+03
4.324556626752018929e+03
4.174058553829789162e+03
3.909909023597836494e+03
3.669306426927447319e+03
3.496326873764395714e+03
3.342246368184685707e+03
3.161456492692232132e+03
3.040957319974899292e+03
2.963793812111020088e+03
2.735851296648383141e+03
2.647567313253879547e+03
2.516179477319121361e+03
2.532922738224267960e+03
2.418421660110354424e+03
2.313255844213068485e+03
2.502439165681600571e+03
2.189535305000841618e+03
2.172532955653965473e+03
2.121308141544461250e+03
2.066770563423633575e+03
2.048139946475625038e+03
2.006539136603474617e+03
1.984989390149712563e+03
1.961562332130968571e+03
1.925491549335420132e+03
1.905145076926797628e+03
1.875047893300652504e+03
1.856649644326418638e+03
1.823645984213799238e+03
1.807276209548115730e+03
1.785108284171670675e+03
1.763533329192548990e+03
1.740764319762587547e+03
1.716964344594627619e+03
1.696836530558764935e+03
1.677431428663432598e+03
1.659587718788534403e+03
1.641552732348442078e+03
1.620255130141973495e+03
1.602834743712097406e+03
1.586543955884873867e+03
1.576219163700938225e+03
1.560838407140225172e+03
1.535716160528361797e+03
1.520507677614688873e+03
1.508154354885220528e+03
1.490721261918544769e+03
1.481865673534572124e+03
1.466592817880213261e+03
1.451005815908312798e+03
1.437732885707169771e+03
1.425591297343373299e+03
1.416625549905002117e+03
1.400705212358385324e+03
1.384082518696784973e+03
1.383723292920738459e+03
1.368472990777343512e+03
1.363876382272690535e+03
1.343199130345135927e+03
1.337538637209683657e+03
1.328900185171514750e+03
1.327492695879191160e+03
1.309543941479176283e+03
1.301867166742682457e+03
1.303569717921316624e+03
1.286666396964341402e+03
1.274047154501080513e+03
1.269727861825376749e+03
1.268561554554849863e+03
1.267744060933589935e+03
1.266497687794268131e+03
1.262719729490578175e+03
1.257706068586558104e+03
1.261707865558564663e+03
1.256343508005142212e+03
1.253661081168800592e+03
1.252415002711117268e+03
1.250904063276946545e+03
1.250810692653059959e+03
1.247697836581617594e+03
1.247033760685473680e+03
1.244147461511194706e+03
1.242229189265519381e+03
1.242049184203147888e+03
1.238060008157044649e+03
1.239933496993035078e+03
1.239270659636706114e+03
1.236256982568651438e+03
1.235220850113779306e+03
1.236269615881145000e+03
1.234001966591924429e+03
1.230120835520327091e+03
1.231433404505252838e+03
1.229526480466127396e+03
1.232154108960181475e+03
1.235171024758368731e+03
1.233297235433012247e+03
1.227517965417355299e+03
1.223375328082591295e+03
1.223299389271065593e+03
1.222878399185836315e+03
1.222489766096696258e+03
1.220899280847981572e+03
1.221640977514907718e+03
1.221356454826891422e+03
1.225027797365561128e+03
1.230217519551515579e+03
1.230962585143744946e+03
1.224382462402805686e+03
1.223043426429852843e+03
1.215842671513557434e+03
1.220751436077058315e+03
1.229141313120722771e+03
1.212935079434886575e+03
1.236088200598955154e+03
1.230492296973243356e+03
1.217637161064893007e+03
1.220155967714264989e+03
1.213789208209142089e+03
1.209664315376430750e+03
1.218146745650097728e+03
1.210589416021481156e+03
1.213105920759961009e+03
1.213932453820481896e+03
1.218364723971113563e+03
1.217576408470049500e+03
1.221028641225770116e+03
1.220821911908686161e+03
1.226147802805528045e+03
1.224973962984979153e+03
1.224891549710184336e+03
1.229772691877558827e+03
1.231834911206737161e+03
1.229952113123610616e+03
1.232876221699640155e+03
1.235226150592789054e+03
1.237061296861618757e+03
1.242402390586212277e+03
1.238478548767045140e+03
1.243647618884220719e+03
1.242675783330574632e+03
1.244607990885153413e+03
1.247059239273890853e+03
1.248688275627791882e+03
1.249938679464161396e+03
1.250874929772689939e+03
1.253614644620567560e+03
1.253535701729357243e+03
1.255585340740159154e+03
1.257417501730844378e+03
1.259593109261244535e+03
1.261949168257415295e+03
1.264817759968340397e+03
1.264518728371709585e+03
1.266313720867037773e+03
1.268552532253786922e+03
1.270487875808030367e+03
1.272026466548442841e+03
1.273589276054874063e+03
1.275631976012140512e+03
1.277568570239469409e+03
1.280620946599170566e+03
1.282117414100095630e+03
1.284480241674929857e+03
1.286683561051264405e+03
1.286223445160314441e+03
1.290980867823585868e+03
1.292150557201355696e+03
1.294510343495756388e+03
1.298359597939997911e+03
1.301222393983975053e+03
1.304933503871783614e+03
1.308100004523992538e+03
1.311606461688876152e+03
1.315025371955707669e+03
1.319197965120896697e+03
1.321890566201880574e+03
1.325557685587555170e+03
1.330567443929612637e+03
1.333271850494667888e+03
1.336681686760857701e+03
1.340566997522488236e+03
1.345253253962844610e+03
1.348175360463559628e+03
1.352098353441804647e+03
1.354417930822819471e+03
1.359863929560407996e+03
1.361583904828876257e+03
1.366037341248244047e+03
1.372857400711625814e+03
1.372161546058952808e+03
1.378615975860506296e+03
1.380391766512766480e+03
1.384204201567918062e+03
1.388549250025302172e+03
1.394142513835802674e+03
1.398579310255125165e+03
1.400950528854504228e+03
1.403425175877287984e+03
1.407774762386456132e+03
1.410560288457199931e+03
1.415144750516861677e+03
1.418779199011623859e+03
1.426701908191666007e+03
1.425594950402155519e+03
1.432735842211171985e+03
1.435083942987024784e+03
1.438318673403933644e+03
1.443722365783527493e+03
1.445665809584781528e+03
1.451668537108227611e+03
1.453791470035910606e+03
1.458064355695620179e+03
1.461686742667108774e+03
1.466385067252442241e+03
1.471725619247183204e+03
1.475703216580674052e+03
1.481597127970308065e+03
1.484256738955155015e+03
1.489852149641141295e+03
1.494649909486994147e+03
1.499966172305867076e+03
1.505153017621487379e+03
1.510381545316427946e+03
1.517528722649440169e+03
1.521443912124261260e+03
1.526631992831826210e+03
1.532788454866036773e+03
1.537534891413524747e+03
1.542704255588352680e+03
1.547950982388108969e+03
1.554422825416550040e+03
1.559254296449944377e+03
1.564885013133287430e+03
1.570082479568198323e+03
1.575876554785296321e+03
1.581407765991985798e+03
1.587318752190098166e+03
1.592709280952811241e+03
1.598641126964241266e+03
1.604230014311149716e+03
1.610118084099143744e+03
1.616389685994014144e+03
1.621005817608907819e+03
1.627661622762680054e+03
1.633204845845699310e+03
1.639549341706559062e+03
1.645122941488400102e+03
1.650647370781749487e+03
1.657501467956230044e+03
1.662640638822689652e+03
1.670191098809242249e+03
1.675493250660598278e+03
1.681126799248158932e+03
1.687922636933624744e+03
1.693696738976985216e+03
1.699126335641369224e+03
1.705796247521415353e+03
1.711893738271668553e+03
1.718093703703954816e+03
1.724782306453213096e+03
1.731056076895445585e+03
1.737759919079020619e+03
1.743664395879954100e+03
1.750626754267141223e+03
1.755881927186623216e+03
