1.030812337994575500e+00
9.883050471544265747e-01
9.588457942008972168e-01
9.065372347831726074e-01
8.584337532520294189e-01
8.174298852682113647e-01
7.839912325143814087e-01
7.622086554765701294e-01
7.588424235582351685e-01
7.391144186258316040e-01
7.301128506660461426e-01
7.287498861551284790e-01
7.306338548660278320e-01
7.267600148916244507e-01
7.247308194637298584e-01
7.135056406259536743e-01
7.050814479589462280e-01
6.992568075656890869e-01
6.934948414564132690e-01
6.876555830240249634e-01
6.876536905765533447e-01
6.788685619831085205e-01
6.718672811985015869e-01
6.627255976200103760e-01
6.494828760623931885e-01
6.503649801015853882e-01
6.472100615501403809e-01
6.228206455707550049e-01
6.125733703374862671e-01
6.000701636075973511e-01
5.828769952058792114e-01
5.898605287075042725e-01
5.788064450025558472e-01
5.790107995271682739e-01
5.522624999284744263e-01
5.486760139465332031e-01
5.244042128324508667e-01
5.054019987583160400e-01
4.930096790194511414e-01
5.086288973689079285e-01
5.115208625793457031e-01
4.843868911266326904e-01
4.427465498447418213e-01
4.227728322148323059e-01
4.176183640956878662e-01
4.085907563567161560e-01
3.997359126806259155e-01
3.709400519728660583e-01
3.800224065780639648e-01
3.449100852012634277e-01
3.101165220141410828e-01
2.989461719989776611e-01
2.879315093159675598e-01
2.808596417307853699e-01
2.658557072281837463e-01
2.597334384918212891e-01
2.483870610594749451e-01
2.400129586458206177e-01
2.556838281452655792e-01
2.255260422825813293e-01
2.501690313220024109e-01
2.380684055387973785e-01
2.410953193902969360e-01
2.437222935259342194e-01
2.270993255078792572e-01
2.349737025797367096e-01
2.228023223578929901e-01
2.062988393008708954e-01
1.929157301783561707e-01
2.026424966752529144e-01
2.136727795004844666e-01
1.899867318570613861e-01
1.788254566490650177e-01
1.768352873623371124e-01
1.791008338332176208e-01
1.737877540290355682e-01
1.780534759163856506e-01
1.693758890032768250e-01
1.717170514166355133e-01
1.548639200627803802e-01
1.740838065743446350e-01
1.652759201824665070e-01
1.615843512117862701e-01
1.580080948770046234e-01
1.572899706661701202e-01
1.454572528600692749e-01
1.663493365049362183e-01
1.515227667987346649e-01
1.470336094498634338e-01
1.549655832350254059e-01
1.495347321033477783e-01
1.435240022838115692e-01
1.433746516704559326e-01
1.501385010778903961e-01
1.515576355159282684e-01
1.538315415382385254e-01
1.541960760951042175e-01
1.605491414666175842e-01
1.470989920198917389e-01
1.407333314418792725e-01
1.291706822812557220e-01
1.254728380590677261e-01
1.201947405934333801e-01
1.169284712523221970e-01
1.140535157173871994e-01
1.107445675879716873e-01
1.094304434955120087e-01
1.076834332197904587e-01
1.058920808136463165e-01
1.040880754590034485e-01
1.027420796453952789e-01
1.015401314944028854e-01
1.005632169544696808e-01
1.002974659204483032e-01
9.912355430424213409e-02
9.799329936504364014e-02
9.732170216739177704e-02
9.709017165005207062e-02
9.691630862653255463e-02
9.601278230547904968e-02
9.676219522953033447e-02
9.742907062172889709e-02
9.414033405482769012e-02
9.450962580740451813e-02
9.692146442830562592e-02
9.353817813098430634e-02
9.303513355553150177e-02
9.418233297765254974e-02
9.268494695425033569e-02
9.547666274011135101e-02
9.422632679343223572e-02
9.203724004328250885e-02
9.423898905515670776e-02
8.962566405534744263e-02
8.932070247828960419e-02
9.327874891459941864e-02
9.127445332705974579e-02
8.959666080772876740e-02
8.734664507210254669e-02
9.022114612162113190e-02
8.613199554383754730e-02
9.372038766741752625e-02
8.862019143998622894e-02
8.807666599750518799e-02
8.818928152322769165e-02
8.762931637465953827e-02
8.540039695799350739e-02
9.115218557417392731e-02
9.052654728293418884e-02
8.799603208899497986e-02
8.620410226285457611e-02
8.450584486126899719e-02
8.142533339560031891e-02
8.039662614464759827e-02
7.942599058151245117e-02
7.880057767033576965e-02
7.838560640811920166e-02
7.799450866878032684e-02
7.761185429990291595e-02
7.726869173347949982e-02
7.699525915086269379e-02
7.667167857289314270e-02
7.646461576223373413e-02
7.622751593589782715e-02
7.601963356137275696e-02
7.577643357217311859e-02
7.554174959659576416e-02
7.528339885175228119e-02
7.507103867828845978e-02
7.481083646416664124e-02
7.460311613976955414e-02
7.439452782273292542e-02
7.413491234183311462e-02
7.391652651131153107e-02
7.371274568140506744e-02
7.351979427039623260e-02
7.334607280790805817e-02
7.316345535218715668e-02
7.296270877122879028e-02
7.290150225162506104e-02
7.283174805343151093e-02
7.268536835908889771e-02
7.240938395261764526e-02
7.196884602308273315e-02
7.178420946002006531e-02
7.157872803509235382e-02
7.131163775920867920e-02
7.113930210471153259e-02
7.097748480737209320e-02
7.088502310216426849e-02
7.058171741664409637e-02
7.042095996439456940e-02
7.024275697767734528e-02
7.013810612261295319e-02
6.989877671003341675e-02
6.968934647738933563e-02
6.975784525275230408e-02
6.968941725790500641e-02
7.005179487168788910e-02
6.945741362869739532e-02
6.915263272821903229e-02
6.887478847056627274e-02
6.871439702808856964e-02
6.845214776694774628e-02
6.831476278603076935e-02
6.815782003104686737e-02
6.806014105677604675e-02
6.794306263327598572e-02
6.786715611815452576e-02
6.771422363817691803e-02
6.758919544517993927e-02
6.750157475471496582e-02
6.741195730865001678e-02
6.731693446636199951e-02
6.722219847142696381e-02
6.708076409995555878e-02
6.699034292250871658e-02
6.689898110926151276e-02
6.679307296872138977e-02
6.668425537645816803e-02
6.659094151109457016e-02
6.650067400187253952e-02
6.641005072742700577e-02
6.633472535759210587e-02
6.625260971486568451e-02
6.620940286666154861e-02
6.610287725925445557e-02
6.600068509578704834e-02
6.591305602341890335e-02
6.583042442798614502e-02
6.571438722312450409e-02
6.563201267272233963e-02
6.552324164658784866e-02
6.547788716852664948e-02
6.538155861198902130e-02
6.528464145958423615e-02
6.517469417303800583e-02
6.508562900125980377e-02
6.497767288237810135e-02
6.493861135095357895e-02
6.482989806681871414e-02
6.471836380660533905e-02
6.464535742998123169e-02
6.455786153674125671e-02
6.447713077068328857e-02
6.438745744526386261e-02
6.428662873804569244e-02
6.419610884040594101e-02
6.409619934856891632e-02
6.400650180876255035e-02
6.385081727057695389e-02
6.378351524472236633e-02
6.373341940343379974e-02
6.369041651487350464e-02
6.364382430911064148e-02
6.359454337507486343e-02
6.354954000562429428e-02
6.350152008235454559e-02
6.344732176512479782e-02
6.342177931219339371e-02
6.335369125008583069e-02
6.331882812082767487e-02
6.326776184141635895e-02
6.322122365236282349e-02
6.317424774169921875e-02
6.312642898410558701e-02
6.308147218078374863e-02
6.303321756422519684e-02
6.298915576189756393e-02
6.294540874660015106e-02
6.292520649731159210e-02
6.286978814750909805e-02
6.281764805316925049e-02
6.277410965412855148e-02
6.274124421179294586e-02
6.270441412925720215e-02
6.265095993876457214e-02
6.260196119546890259e-02
6.255414895713329315e-02
6.249779183417558670e-02
6.245741341263055801e-02
6.241307314485311508e-02
6.236381083726882935e-02
6.230956781655550003e-02
6.227310188114643097e-02
6.222304981201887131e-02
6.217669416218996048e-02
6.214057933539152145e-02
6.209260132163763046e-02
6.204253993928432465e-02
6.198718398809432983e-02
6.194530148059129715e-02
6.190623994916677475e-02
6.186100840568542480e-02
6.181359849870204926e-02
6.178218219429254532e-02
6.172361969947814941e-02
6.168015394359827042e-02
6.163187045603990555e-02
6.159459985792636871e-02
6.150929816067218781e-02
6.148298084735870361e-02
6.146285310387611389e-02
6.144186109304428101e-02
6.140848435461521149e-02
6.138552632182836533e-02
6.136232335120439529e-02
6.133854016661643982e-02
6.131636537611484528e-02
6.129277683794498444e-02
6.126731354743242264e-02
6.124454550445079803e-02
6.122316606342792511e-02
6.120385695248842239e-02
6.117992196232080460e-02
6.115299090743064880e-02
6.113126873970031738e-02
6.110603176057338715e-02
6.108335498720407486e-02
6.106165796518325806e-02
6.103897653520107269e-02
6.101942993700504303e-02
6.099175196141004562e-02
6.096644140779972076e-02
6.094273459166288376e-02
6.091919634491205215e-02
6.089451443403959274e-02
6.087123509496450424e-02
6.085005030035972595e-02
6.082585453987121582e-02
6.080105621367692947e-02
6.077924091368913651e-02
6.075666751712560654e-02
6.073147896677255630e-02
6.070685666054487228e-02
6.068529002368450165e-02
6.066002510488033295e-02
6.063416972756385803e-02
6.061363965272903442e-02
6.059508770704269409e-02
6.056863348931074142e-02
6.054270640015602112e-02
6.051882822066545486e-02
6.049750931560993195e-02
6.047216523438692093e-02
6.044782977551221848e-02
6.042426917701959610e-02
6.041088420897722244e-02
6.039023399353027344e-02
6.035799998790025711e-02
6.032283790409564972e-02
6.030469667166471481e-02
6.028596498072147369e-02
6.027493812143802643e-02
6.026191171258687973e-02
6.024877447634935379e-02
6.023756135255098343e-02
6.022444460541009903e-02
6.021064985543489456e-02
6.019998993724584579e-02
6.018604245036840439e-02
6.017450615763664246e-02
6.016273144632577896e-02
6.014901213347911835e-02
6.013732496649026871e-02
6.012607365846633911e-02
6.011331640183925629e-02
6.010024063289165497e-02
6.008835136890411377e-02
6.007625255733728409e-02
6.006296165287494659e-02
6.005269382148981094e-02
6.003909837454557419e-02
6.002667546272277832e-02
6.001426558941602707e-02
6.000160053372383118e-02
5.998967122286558151e-02
5.997701641172170639e-02
5.996570549905300140e-02
5.995286721736192703e-02
5.994017887860536575e-02
5.992828402668237686e-02
5.991495959460735321e-02
5.990059114992618561e-02
5.988818220794200897e-02
5.987657699733972549e-02
5.986231472343206406e-02
5.985096655786037445e-02
5.983854457736015320e-02
5.982487183064222336e-02
5.981324147433042526e-02
5.980054661631584167e-02
5.978772416710853577e-02
5.977675039321184158e-02
5.976292677223682404e-02
5.974989477545022964e-02
5.973789468407630920e-02
5.972409714013338089e-02
5.971131566911935806e-02
5.969725269824266434e-02
5.967826955020427704e-02
5.967131257057189941e-02
5.966426804661750793e-02
5.965778604149818420e-02
5.965234991163015366e-02
5.964532215148210526e-02
5.963887926191091537e-02
5.963163729757070541e-02
5.962490197271108627e-02
5.961912777274847031e-02
5.961239803582429886e-02
5.960595607757568359e-02
5.959926359355449677e-02
5.959307588636875153e-02
5.958612635731697083e-02
5.957959219813346863e-02
5.957355909049510956e-02
5.956691037863492966e-02
5.955972243100404739e-02
5.955395661294460297e-02
5.954683851450681686e-02
5.954036954790353775e-02
5.953330732882022858e-02
5.952684581279754639e-02
5.952045135200023651e-02
5.951362382620573044e-02
5.950671900063753128e-02
5.950115248560905457e-02
5.949505791068077087e-02
5.948848370462656021e-02
5.948095116764307022e-02
5.947416927665472031e-02
5.946732405573129654e-02
5.945985391736030579e-02
5.945363454520702362e-02
5.944673996418714523e-02
5.944049544632434845e-02
5.943372473120689392e-02
5.942620616406202316e-02
5.942007619887590408e-02
5.941275507211685181e-02
5.940615106374025345e-02
5.940027628093957901e-02
5.939211416989564896e-02
5.938621703535318375e-02
5.937835387885570526e-02
5.937158036977052689e-02
5.936549138277769089e-02
5.935817863792181015e-02
5.935154575854539871e-02
5.934145767241716385e-02
5.933747813105583191e-02
5.933423340320587158e-02
5.933035351336002350e-02
5.932705290615558624e-02
5.932392179965972900e-02
5.932020023465156555e-02
5.931660439819097519e-02
5.931288842111825943e-02
5.930955428630113602e-02
5.930625926703214645e-02
5.930268019437789917e-02
5.929904524236917496e-02
5.929583683609962463e-02
5.929232668131589890e-02
5.928866565227508545e-02
5.928537622094154358e-02
5.928180553019046783e-02
5.927806999534368515e-02
5.927461478859186172e-02
5.927122570574283600e-02
5.926775373518466949e-02
5.926413089036941528e-02
5.926044378429651260e-02
5.925695318728685379e-02
5.925318412482738495e-02
5.924950074404478073e-02
5.924624390900135040e-02
5.924253351986408234e-02
5.923898331820964813e-02
5.923544801771640778e-02
5.923160631209611893e-02
5.922834202647209167e-02
5.922455713152885437e-02
5.922078154981136322e-02
5.921757593750953674e-02
5.921375658363103867e-02
5.920993257313966751e-02
5.920646525919437408e-02
5.920287128537893295e-02
5.919952318072319031e-02
5.919573269784450531e-02
5.919204093515872955e-02
5.918889772146940231e-02
5.918454937636852264e-02
5.918103177100419998e-02
5.917707085609436035e-02
5.917346663773059845e-02
5.917032901197671890e-02
5.916626658290624619e-02
