1.597741059958934697e-03
1.563860438764095402e-03
1.514755450189113643e-03
1.458341032266616830e-03
1.417785212397575404e-03
1.370281726121902509e-03
1.333303470164537386e-03
1.324541401118040085e-03
1.311441175639629355e-03
1.280724126845598273e-03
1.275781784206628808e-03
1.268691215664148391e-03
1.312841866165399525e-03
1.256487388163805060e-03
1.299014594405889554e-03
1.245937291532754881e-03
1.267452072352170988e-03
1.232384275645017659e-03
1.234294530004262846e-03
1.241845302283763877e-03
1.218929272145032961e-03
1.207402870059013332e-03
1.203299928456544841e-03
1.180484443902969378e-03
1.174597162753343669e-03
1.154438685625791636e-03
1.144542656838893951e-03
1.122875120490789396e-03
1.102062668651342418e-03
1.075510103255510269e-03
1.067458726465702126e-03
1.040750518441200352e-03
1.040331441909074679e-03
1.051688510924577661e-03
9.806335344910621556e-04
9.957430884242057800e-04
9.699130244553089619e-04
9.297613054513931058e-04
8.960830979049205997e-04
9.179536625742912206e-04
9.310190752148628191e-04
8.995778299868106538e-04
8.271000906825065266e-04
7.799491845071316286e-04
7.648529112339020296e-04
7.618467323482036157e-04
7.209230586886405858e-04
6.785958819091320298e-04
7.012213580310344262e-04
6.331711262464522838e-04
5.838523805141448714e-04
5.616307910531759002e-04
5.379545595496893449e-04
5.221522506326436650e-04
4.987336695194243951e-04
4.809210542589425932e-04
4.629350453615188338e-04
4.457351192831993125e-04
4.684553667902946429e-04
4.194344207644462846e-04
4.551683925092220545e-04
4.314324166625738404e-04
4.372478649020195072e-04
4.407646041363477837e-04
4.066951107233762633e-04
4.188559576869010687e-04
4.019216541200876474e-04
3.744124155491590673e-04
3.501502424478531079e-04
3.665092401206493269e-04
3.786319401115179170e-04
3.427882120013236804e-04
3.222541511058807460e-04
3.158973297104239355e-04
3.184332512319087765e-04
3.104503266513347626e-04
3.160968143492937045e-04
3.016223758459091165e-04
3.022214211523533128e-04
2.741901995614170898e-04
3.069689916446805065e-04
2.914882125332951741e-04
2.844485267996788285e-04
2.772023808211087985e-04
2.738051535561680642e-04
2.558166766539216063e-04
2.884657029062509558e-04
2.631316287443041780e-04
2.545419568195938804e-04
2.668375754728913112e-04
2.591923438012599707e-04
2.475361945107579470e-04
2.485217247158288804e-04
2.562762424349785025e-04
2.599681215360760862e-04
2.654190780594944976e-04
2.655266178771853208e-04
2.692387253046035810e-04
2.558857388794421889e-04
2.412470709532499378e-04
2.204522537067532474e-04
2.141416259109973973e-04
2.072355290874838710e-04
2.012592833489179698e-04
1.967363012954592661e-04
1.904495013877749454e-04
1.875279704108834267e-04
1.845408184453845089e-04
1.815993990749120669e-04
1.783632300794124582e-04
1.758826151490211389e-04
1.740101166069507621e-04
1.718992134556174278e-04
1.715438347309827880e-04
1.694709761068225015e-04
1.670951303094625462e-04
1.662481459788978046e-04
1.657375344075262633e-04
1.653750613331794695e-04
1.636510202661156719e-04
1.656080689281225183e-04
1.657393039204180273e-04
1.603392604738473903e-04
1.609621546231210102e-04
1.645627128891646797e-04
1.593381632119417082e-04
1.581141399219632279e-04
1.599962916225194855e-04
1.579388696700334614e-04
1.623996254056692026e-04
1.601005927659571301e-04
1.560578402131795764e-04
1.601468399167060722e-04
1.514471205882728219e-04
1.512067834846675266e-04
1.573053887113928795e-04
1.550692203454673247e-04
1.519414619542658296e-04
1.474063075147569223e-04
1.520995236933231310e-04
1.455788942985236569e-04
1.586558343842625607e-04
1.501668500714003953e-04
1.494338130578398629e-04
1.483384030871093197e-04
1.486531202681362716e-04
1.437702914699911963e-04
1.543992245569825162e-04
1.527019659988582026e-04
1.481255446560680855e-04
1.463692914694547534e-04
1.427237526513636058e-04
1.368688768707215732e-04
1.348410453647375118e-04
1.333277067169547114e-04
1.322496356442570654e-04
1.316967839375138294e-04
1.309041120111942302e-04
1.303032180294394623e-04
1.296207890845835317e-04
1.291892910376191204e-04
1.286330935545265794e-04
1.282941945828497399e-04
1.278899284079671036e-04
1.275294902734458425e-04
1.271205302327871366e-04
1.266251225024461768e-04
1.262080715969204989e-04
1.258918037638068318e-04
1.254032831639051437e-04
1.250052195973694227e-04
1.246883673593401822e-04
1.242699450813233798e-04
1.238357299007475452e-04
1.235025003552436720e-04
1.231603627093136267e-04
1.228287629783153577e-04
1.225691637955606092e-04
1.221846509724855325e-04
1.221734401769936204e-04
1.220057252794504111e-04
1.218555099330842479e-04
1.212509884499013489e-04
1.204517320729792118e-04
1.201312220655381642e-04
1.198057318106293705e-04
1.193278748542070405e-04
1.190003333613276433e-04
1.187180657871067573e-04
1.186347147449850971e-04
1.181097864173352680e-04
1.177895115688443130e-04
1.174624566920101583e-04
1.173129444941878340e-04
1.169019122608006033e-04
1.165854767896234984e-04
1.166261732578277534e-04
1.165286055766046020e-04
1.173475431278347937e-04
1.162366499193012682e-04
1.156433485448360497e-04
1.151635148562491005e-04
1.149209751747548618e-04
1.145217521116137488e-04
1.142657315358519592e-04
1.138979918323457295e-04
1.137335482053458680e-04
1.135099655948579371e-04
1.133955246768891828e-04
1.132105267606675647e-04
1.129476260393857923e-04
1.127746794372797007e-04
1.126140076667070345e-04
1.124591822735965274e-04
1.122935558669269139e-04
1.120326016098260847e-04
1.118996250443160491e-04
1.117128296755254296e-04
1.115345605649054002e-04
1.113478397019207516e-04
1.111942948773503271e-04
1.110403612256050045e-04
1.108820596709847467e-04
1.107326825149357319e-04
1.106076012365520066e-04
1.105206226930022288e-04
1.103472732938826068e-04
1.101813162676990086e-04
1.100486936047673177e-04
1.098638749681413174e-04
1.096938876435160577e-04
1.095345150679349840e-04
1.093583693727850903e-04
1.092984131537377802e-04
1.090372749604284828e-04
1.089510601013898828e-04
1.087400596588850021e-04
1.085824961774051233e-04
1.083940453827381145e-04
1.083516003564000168e-04
1.081619504839181851e-04
1.079646451398730267e-04
1.078172354027628899e-04
1.076741353608667883e-04
1.075117685832083290e-04
1.073737023398280095e-04
1.072365581057965777e-04
1.070436299778521093e-04
1.068785134702920849e-04
1.067199907265603531e-04
1.064768340438604398e-04
1.063656434416770984e-04
1.062704413197934644e-04
1.061864290386438348e-04
1.061132294125854915e-04
1.060355454683303860e-04
1.059630047529935869e-04
1.058816537261009195e-04
1.057634293101727897e-04
1.057544886134564893e-04
1.056292140856385274e-04
1.055657677352428480e-04
1.054780674166977351e-04
1.053927070461213545e-04
1.052994327619671811e-04
1.052185287699103388e-04
1.051457319408655123e-04
1.050674589350819561e-04
1.049850671552121623e-04
1.049037300981581271e-04
1.048835297115147152e-04
1.047973637469112873e-04
1.046786247752606912e-04
1.046040118671953673e-04
1.045718230307102198e-04
1.045109541155397903e-04
1.044087600894272376e-04
1.043257815763354318e-04
1.042445260100066700e-04
1.041263109073042815e-04
1.040414837189018770e-04
1.039779651910066653e-04
1.038923044688999626e-04
1.038095471449196306e-04
1.037480798549950090e-04
1.036486984230577989e-04
1.035730866715312047e-04
1.035266788676381138e-04
1.034399354830384287e-04
1.033387682400643836e-04
1.032494474202394485e-04
1.031717099249362935e-04
1.031060866080224557e-04
1.030360069125890797e-04
1.029405393637716770e-04
1.028851442970335521e-04
1.028064638376236016e-04
1.027113525196909959e-04
1.026290748268365903e-04
1.025741500779986371e-04
1.024312153458595211e-04
1.023845351301133589e-04
1.023526466451585336e-04
1.023173145949840589e-04
1.022462523542344565e-04
1.022109878249466365e-04
1.021706569008529197e-04
1.021330454386770785e-04
1.020976295694708781e-04
1.020531728863716077e-04
1.020138897001743333e-04
1.019703992642462319e-04
1.019367272965609968e-04
1.018924149684608042e-04
1.018515368923544927e-04
1.018158532679080985e-04
1.017737761139869641e-04
1.017299317754805045e-04
1.016932539641857174e-04
1.016561989672481987e-04
1.016074814833700651e-04
1.015825918875634611e-04
1.015327218919992382e-04
1.014894270338118120e-04
1.014489098452031612e-04
1.014106930233538118e-04
1.013593608513474497e-04
1.013216329738497680e-04
1.012850250117480744e-04
1.012461446225643169e-04
1.011975179426372116e-04
1.011659763753414149e-04
1.011190982535481388e-04
1.010780036449432308e-04
1.010381290689110805e-04
1.009944546967744838e-04
1.009520096704363861e-04
1.009111851453781106e-04
1.008712383918464146e-04
1.008480880409479120e-04
1.007982413284480626e-04
1.007479568943381293e-04
1.007078005932271529e-04
1.006752043031156112e-04
1.006218325346708254e-04
1.005955482833087504e-04
1.005354453809559372e-04
1.005271100439131314e-04
1.004974008537828895e-04
1.004170393571257645e-04
1.003879099152982186e-04
1.003399700857698950e-04
1.003139652311801938e-04
1.002834993414580768e-04
1.002680882811546266e-04
1.002360228449106222e-04
1.002278178930282620e-04
1.001996267586946477e-04
1.001774123869836379e-04
1.001592259854078239e-04
1.001300662755966154e-04
1.001130207441747243e-04
1.000920869410037973e-04
1.000695209950208680e-04
1.000492111779749453e-04
1.000307220965623839e-04
1.000071316957473722e-04
9.998373454436659705e-05
9.995961328968406157e-05
9.994232095777988434e-05
9.991847095079720075e-05
9.990075603127479120e-05
9.987528203055262728e-05
9.985231794416904504e-05
9.983674623072147315e-05
9.981004754081368772e-05
9.979300200939178304e-05
9.976397966966033632e-05
9.975275956094265580e-05
9.972182102501392852e-05
9.970603277906776017e-05
9.968152502551675168e-05
9.966466110199690353e-05
9.963141987100243623e-05
9.961426258087158203e-05
9.959160350263118581e-05
9.956476278603077477e-05
9.954983368515968973e-05
9.952464839443564090e-05
9.950338630005716790e-05
9.948167251423001940e-05
9.946040343493223028e-05
9.943442419171332771e-05
9.941275231540203528e-05
9.939375799149274880e-05
9.937532711774111445e-05
9.934957372024654963e-05
9.932539425790310069e-05
9.930205065757036155e-05
9.927744278684258353e-05
9.924628771841525977e-05
9.923524688929319707e-05
9.922230383381247249e-05
9.921078337356448336e-05
9.920173324644565853e-05
9.919038042426109368e-05
9.917792165651917295e-05
9.916718583554029627e-05
9.915499249473214421e-05
9.914354421198368723e-05
9.913167683407664245e-05
9.911953238770366257e-05
9.910896187648177147e-05
9.909660555422305898e-05
9.908682201057671904e-05
9.907553438097238378e-05
9.906303137540816827e-05
9.905489627271890152e-05
9.904038393869996559e-05
9.902838617563247518e-05
9.901880519464612658e-05
9.900582255795598464e-05
9.899238357320427624e-05
9.898323798552155928e-05
9.897113079205155806e-05
9.895826689898968177e-05
9.894555667415261106e-05
9.893889538943767710e-05
9.892653208225964849e-05
9.891449706628919298e-05
9.890375193208456148e-05
9.888836182653904612e-05
9.887872496619820920e-05
9.886433603242040277e-05
9.885295759886502569e-05
9.884205763228238279e-05
9.882958605885506273e-05
9.882018202915787968e-05
9.880709229037165208e-05
9.879317600280046951e-05
9.878381388261914253e-05
9.877241915091872161e-05
9.875626536086201505e-05
9.874676819890737859e-05
9.873611154034733664e-05
9.872086113318800818e-05
9.870966663584112633e-05
9.869954548776149912e-05
9.868557332083582824e-05
9.867223212495446422e-05
9.865796891972422600e-05
9.865108877420425686e-05
9.864386869594454820e-05
9.863615036010741700e-05
9.863266488537192507e-05
9.862798033282161030e-05
9.861982427537440874e-05
9.861506987363100052e-05
9.860814316198229790e-05
9.860123973339795524e-05
9.859512560069561601e-05
9.858962381258607399e-05
9.858248755335807746e-05
9.857862023636698994e-05
9.857155848294496428e-05
9.856456192210316821e-05
9.856018703430891688e-05
9.855282725766300776e-05
9.854564676061273001e-05
9.854079456999897740e-05
9.853363502770662091e-05
9.852821473032236587e-05
9.852275950834155733e-05
9.851573500782251033e-05
9.850844740867614692e-05
9.850109461694955392e-05
9.849512251093984030e-05
9.849013993516564207e-05
9.848495246842504090e-05
9.847725741565226966e-05
9.847003035247325843e-05
9.846335742622614449e-05
9.845876367762684443e-05
9.845254011452198083e-05
9.844508022069931572e-05
9.843949694186448671e-05
9.843301493674517057e-05
9.842620929703115875e-05
9.841963648796081435e-05
9.841277496889234131e-05
9.840821847319603346e-05
9.839982725679873932e-05
9.839287493377923803e-05
9.839089354500174143e-05
9.838137542828917015e-05
9.837429272010922324e-05
9.836785728111862703e-05
9.836230194196104895e-05
9.835602017119527188e-05
9.834905155003071319e-05
