1.008364453125000000e+05
9.477830664062500000e+04
8.987835156250000000e+04
8.402242578125000000e+04
7.740719531250000000e+04
7.249618066406250000e+04
6.842313281250000000e+04
6.523229296875000000e+04
6.263505371093750000e+04
6.031079003906250000e+04
5.792627148437500000e+04
5.687425878906250000e+04
5.442265527343750000e+04
5.238538671875000000e+04
5.005315429687500000e+04
4.838578222656250000e+04
4.817624804687500000e+04
4.329375195312500000e+04
4.182556445312500000e+04
4.013211230468750000e+04
3.648217089843750000e+04
3.871790917968750000e+04
3.608846484375000000e+04
3.237838134765625000e+04
3.067514306640625000e+04
3.054692187500000000e+04
2.713469384765625000e+04
2.609896630859375000e+04
2.408660644531250000e+04
2.261485644531250000e+04
1.976655102539062500e+04
1.756742333984375000e+04
1.535939404296875000e+04
1.590922241210937500e+04
1.402433691406250000e+04
1.155073632812500000e+04
8.683673461914062500e+03
7.435718139648437500e+03
7.332812866210937500e+03
7.003553833007812500e+03
7.524228637695312500e+03
6.293751831054687500e+03
6.206780273437500000e+03
4.380534912109375000e+03
4.116122192382812500e+03
3.448501220703125000e+03
2.885457275390625000e+03
2.615889099121093750e+03
2.560309875488281250e+03
2.205976928710937500e+03
1.933962249755859375e+03
1.845271606445312500e+03
1.739559020996093750e+03
1.612250640869140625e+03
1.566500427246093750e+03
1.504700683593750000e+03
1.441007659912109375e+03
1.379768676757812500e+03
1.332649261474609375e+03
1.288566741943359375e+03
1.249353332519531250e+03
1.214643554687500000e+03
1.186047454833984375e+03
1.154842468261718750e+03
1.110373962402343750e+03
1.076108123779296875e+03
1.050916412353515625e+03
1.018997848510742188e+03
9.917293548583984375e+02
9.686682281494140625e+02
9.514707489013671875e+02
9.249759216308593750e+02
8.977692565917968750e+02
8.813223266601562500e+02
8.609629974365234375e+02
8.434604644775390625e+02
8.230804138183593750e+02
8.089771881103515625e+02
7.887930145263671875e+02
7.681504516601562500e+02
7.505877227783203125e+02
7.361093444824218750e+02
7.220603027343750000e+02
7.085741271972656250e+02
6.937343902587890625e+02
6.797230682373046875e+02
6.668837738037109375e+02
6.547457275390625000e+02
6.439850006103515625e+02
6.322145233154296875e+02
6.208343658447265625e+02
6.103443450927734375e+02
5.996439361572265625e+02
5.886245880126953125e+02
5.777889709472656250e+02
5.681727447509765625e+02
5.585545043945312500e+02
5.492247772216796875e+02
5.399374694824218750e+02
5.312879333496093750e+02
5.222109680175781250e+02
5.171436462402343750e+02
5.126945571899414062e+02
5.085078506469726562e+02
5.043977661132812500e+02
5.003684082031250000e+02
4.963780059814453125e+02
4.926381912231445312e+02
4.888416213989257812e+02
4.850342712402343750e+02
4.813245315551757812e+02
4.779413757324218750e+02
4.740530319213867188e+02
4.704948425292968750e+02
4.670850296020507812e+02
4.634054794311523438e+02
4.599235382080078125e+02
4.565725784301757812e+02
4.532755508422851562e+02
4.500532455444335938e+02
4.470021743774414062e+02
4.435457305908203125e+02
4.402759323120117188e+02
4.371805648803710938e+02
4.341784667968750000e+02
4.309693756103515625e+02
4.276403579711914062e+02
4.244919433593750000e+02
4.215188293457031250e+02
4.185805206298828125e+02
4.155832748413085938e+02
4.127907791137695312e+02
4.099539260864257812e+02
4.070278015136718750e+02
4.042772140502929688e+02
4.014822921752929688e+02
3.986053237915039062e+02
3.958969345092773438e+02
3.932932510375976562e+02
3.905744857788085938e+02
3.878935012817382812e+02
3.852583618164062500e+02
3.825417709350585938e+02
3.799391937255859375e+02
3.773576202392578125e+02
3.749232482910156250e+02
3.724415664672851562e+02
3.699128494262695312e+02
3.674050750732421875e+02
3.649851837158203125e+02
3.623114471435546875e+02
3.610029602050781250e+02
3.597802581787109375e+02
3.584916229248046875e+02
3.573438568115234375e+02
3.561463088989257812e+02
3.549647750854492188e+02
3.538094406127929688e+02
3.526329956054687500e+02
3.514669799804687500e+02
3.503041839599609375e+02
3.491669769287109375e+02
3.479999008178710938e+02
3.468780059814453125e+02
3.457508544921875000e+02
3.446196441650390625e+02
3.434810943603515625e+02
3.423501968383789062e+02
3.412587127685546875e+02
3.401401901245117188e+02
3.389718856811523438e+02
3.378598632812500000e+02
3.367776031494140625e+02
3.356840972900390625e+02
3.345568466186523438e+02
3.335278015136718750e+02
3.323936080932617188e+02
3.312854919433593750e+02
3.302132873535156250e+02
3.291658859252929688e+02
3.280298767089843750e+02
3.269867477416992188e+02
3.258861999511718750e+02
3.247788848876953125e+02
3.237698364257812500e+02
3.226949996948242188e+02
3.216589584350585938e+02
3.206305313110351562e+02
3.195029602050781250e+02
3.185239257812500000e+02
3.174550628662109375e+02
3.164229507446289062e+02
3.153697738647460938e+02
3.143354187011718750e+02
3.133429565429687500e+02
3.122771530151367188e+02
3.112996749877929688e+02
3.102644424438476562e+02
3.092469482421875000e+02
3.082511825561523438e+02
