1.632932201027870265e-03
1.622423306107521066e-03
1.599169075489044163e-03
1.592722460627555821e-03
1.522551774978637713e-03
1.563936211168765996e-03
1.478112079203128823e-03
1.432546488940715859e-03
1.488571837544441301e-03
1.426018662750720874e-03
1.460851393640041343e-03
1.429793834686279245e-03
1.403765194118022832e-03
1.441623121500015293e-03
1.391757428646087568e-03
1.365512683987617562e-03
1.403183676302433014e-03
1.301297880709171260e-03
1.280032768845558140e-03
1.305505130439996685e-03
1.277928147464990529e-03
1.230966132134199203e-03
1.180534511804580714e-03
1.164008565247058808e-03
1.199470255523919955e-03
1.165220979601144791e-03
1.081540435552597003e-03
1.025509405881166536e-03
9.574666060507296995e-04
9.468457102775573427e-04
8.681898936629295783e-04
8.516273833811282591e-04
8.148334920406341986e-04
8.210322819650172754e-04
7.252446375787258148e-04
6.605091039091348648e-04
6.145513430237769907e-04
5.430823750793933955e-04
5.024838633835315184e-04
4.602495208382606268e-04
4.248168226331472635e-04
3.926499001681804614e-04
3.612814191728830077e-04
3.645790927112102574e-04
3.602458629757165800e-04
3.237764211371540785e-04
4.827475827187299902e-04
3.863514494150877194e-04
3.787351166829466690e-04
3.211558656767010559e-04
2.925645094364881516e-04
2.764443587511777834e-04
2.616467606276273792e-04
2.544836606830358505e-04
2.474631508812308073e-04
2.389909746125340559e-04
2.313215564936399503e-04
2.257518190890550733e-04
2.219825377687811830e-04
2.171630365774035486e-04
2.136738458648324132e-04
2.098052110522985502e-04
2.072940906509756966e-04
2.048347843810915839e-04
2.019879547879099922e-04
1.987150218337774320e-04
1.966961147263646137e-04
1.937005808576941566e-04
1.906984392553568016e-04
1.886229868978262078e-04
1.868447335436940237e-04
1.841504126787185669e-04
1.818203786388039491e-04
1.800964353606104959e-04
1.785192545503377882e-04
1.765472022816538724e-04
1.746740238741040165e-04
1.732702180743217566e-04
1.711034541949629762e-04
1.694685919210314881e-04
1.677151303738355637e-04
1.660918490961194168e-04
1.645831530913710616e-04
1.632137130945921074e-04
1.616934477351605773e-04
1.602449617348611344e-04
1.587463589385151961e-04
1.573668513447046237e-04
1.559913461096584754e-04
1.546153659000992645e-04
1.533138379454612830e-04
1.521025295369327101e-04
1.511356746777892178e-04
1.498010591603815610e-04
1.484857336618006219e-04
1.472678314894437833e-04
1.460564206354320158e-04
1.448883884586393866e-04
1.437903940677642909e-04
1.426596124656498421e-04
1.414150162599980820e-04
1.407499168999493209e-04
1.401779311709105979e-04
1.396039268001914133e-04
1.390430703759193290e-04
1.385002234019339204e-04
1.379692414775490772e-04
1.374472887255251375e-04
1.369304931722581365e-04
1.363815413787961028e-04
1.359190372750162959e-04
1.354468078352510897e-04
1.349150226451456514e-04
1.343732629902660890e-04
1.338877808302640947e-04
1.333676069043576739e-04
1.328517287038266561e-04
1.323925238102674614e-04
1.318864617496728984e-04
1.314175850711762862e-04
1.309503172524273298e-04
1.304524624720215928e-04
1.299950154498219414e-04
1.295076101087033640e-04
1.290535647422075196e-04
1.285793096758425355e-04
1.281134574674069849e-04
1.276190183125436328e-04
1.271658088080584981e-04
1.267084549181163409e-04
1.262334431521594546e-04
1.257864688523113771e-04
1.253598136827349771e-04
1.249127369374036778e-04
1.244713645428418983e-04
1.240258198231458588e-04
1.235914975404739250e-04
1.231472101062536218e-04
1.227065268903970762e-04
1.222731382586061965e-04
1.218828186392784054e-04
1.214145310223102575e-04
1.210189098492264769e-04
1.206107251346111287e-04
1.201628148555755583e-04
1.197583833709359229e-04
1.193336443975567763e-04
1.188971265219152017e-04
1.184743037447333358e-04
1.180758629925548965e-04
1.176007278263568943e-04
1.173548889346420705e-04
1.171340118162333965e-04
1.169219193980097787e-04
1.167234801687300270e-04
1.165189105086028516e-04
1.163170649670064428e-04
1.161179086193442334e-04
1.159167825244367074e-04
1.157152373343706071e-04
1.155161950737237995e-04
1.153075485490262563e-04
1.151167112402617953e-04
1.149054337292909660e-04
1.147162262350320821e-04
1.145171700045466423e-04
1.143261627294123184e-04
1.141166104935109583e-04
1.139190886169672034e-04
1.137270638719201131e-04
1.135282730683684284e-04
1.133450400084257104e-04
1.131365983746945836e-04
1.129291951656341580e-04
1.127390959300100760e-04
1.125527825206518217e-04
1.123556774109602023e-04
1.121471938677132195e-04
1.119594066403806188e-04
1.117548975162208091e-04
1.115550543181598181e-04
1.113582891412079383e-04
1.111733377911150401e-04
1.109775807708501854e-04
1.107838959433138419e-04
1.105919573456049025e-04
1.104023610241711205e-04
1.102020172402262682e-04
1.100043812766671116e-04
1.098320819437503842e-04
1.096285530366003486e-04
1.094408240169286750e-04
1.092311134561896319e-04
1.090409164316952191e-04
1.088516670279204791e-04
1.086547807790338950e-04
1.084564230404794167e-04
1.082736649550497478e-04
1.080977777019143067e-04
1.079010358080267868e-04
