3.682420703125000000e+04
3.785312109375000000e+04
3.890363476562500000e+04
3.992351367187500000e+04
4.088687890625000000e+04
4.169762500000000000e+04
4.230471875000000000e+04
4.257518359375000000e+04
4.240902148437500000e+04
4.164600195312500000e+04
3.994284960937500000e+04
3.693978906250000000e+04
3.242795117187500000e+04
2.671756933593750000e+04
2.136721484375000000e+04
1.911789941406250000e+04
1.854528417968750000e+04
1.558724267578125000e+04
1.201164208984375000e+04
1.038734960937500000e+04
1.010752490234375000e+04
9.583053710937500000e+03
8.588338378906250000e+03
7.895590332031250000e+03
7.537779541015625000e+03
6.983626953125000000e+03
6.483729492187500000e+03
6.353566650390625000e+03
5.938787841796875000e+03
5.431689208984375000e+03
5.141619873046875000e+03
4.956618896484375000e+03
4.623405761718750000e+03
4.414628906250000000e+03
4.216189941406250000e+03
3.976240600585937500e+03
3.816286743164062500e+03
3.603060791015625000e+03
3.596013061523437500e+03
3.308052978515625000e+03
3.233348022460937500e+03
3.014218139648437500e+03
2.786571655273437500e+03
2.649321533203125000e+03
2.583389160156250000e+03
2.522146850585937500e+03
2.339891845703125000e+03
2.308869628906250000e+03
2.231324340820312500e+03
2.062555725097656250e+03
2.006854675292968750e+03
1.992289611816406250e+03
1.944078857421875000e+03
1.889395202636718750e+03
1.854199707031250000e+03
1.840047790527343750e+03
1.814337158203125000e+03
1.791057739257812500e+03
1.762094177246093750e+03
1.740603820800781250e+03
1.717633544921875000e+03
1.699869140625000000e+03
1.677438720703125000e+03
1.660339843750000000e+03
1.637110595703125000e+03
1.619639892578125000e+03
1.599363281250000000e+03
1.584245544433593750e+03
1.565899536132812500e+03
1.551123291015625000e+03
1.535284790039062500e+03
1.524948974609375000e+03
1.508739318847656250e+03
1.494295227050781250e+03
1.479795776367187500e+03
1.464821594238281250e+03
1.450556091308593750e+03
1.436461242675781250e+03
1.424022216796875000e+03
1.413633483886718750e+03
1.399770874023437500e+03
1.388180908203125000e+03
1.378561523437500000e+03
1.382875732421875000e+03
1.356479919433593750e+03
1.349094177246093750e+03
1.333235839843750000e+03
1.320072998046875000e+03
1.304309326171875000e+03
1.297171203613281250e+03
1.297900756835937500e+03
1.271955566406250000e+03
1.261377807617187500e+03
1.256683166503906250e+03
1.240891174316406250e+03
1.228601196289062500e+03
1.222256225585937500e+03
1.217918579101562500e+03
1.239163208007812500e+03
1.218268798828125000e+03
1.195646972656250000e+03
1.188258117675781250e+03
1.185139465332031250e+03
1.189318298339843750e+03
1.183863403320312500e+03
1.176072570800781250e+03
1.180256225585937500e+03
1.177288574218750000e+03
1.174722656250000000e+03
1.172264953613281250e+03
1.169602172851562500e+03
1.167416381835937500e+03
1.167253173828125000e+03
1.165826416015625000e+03
1.164167724609375000e+03
1.162832580566406250e+03
1.162221862792968750e+03
1.160714904785156250e+03
1.160849426269531250e+03
1.163476684570312500e+03
1.166193603515625000e+03
1.167620056152343750e+03
1.175178161621093750e+03
1.165730590820312500e+03
1.162610168457031250e+03
1.158464355468750000e+03
1.159722045898437500e+03
1.159377746582031250e+03
1.159636718750000000e+03
1.152417419433593750e+03
1.154493041992187500e+03
1.160116271972656250e+03
1.151747802734375000e+03
1.159456481933593750e+03
1.155718200683593750e+03
1.151876586914062500e+03
1.151233032226562500e+03
1.149374755859375000e+03
1.148357727050781250e+03
1.147381958007812500e+03
1.148405517578125000e+03
1.148284179687500000e+03
1.148300659179687500e+03
1.147997009277343750e+03
1.154361755371093750e+03
1.160193725585937500e+03
1.158990539550781250e+03
1.146890686035156250e+03
1.149496582031250000e+03
1.151022644042968750e+03
1.150158691406250000e+03
1.149307983398437500e+03
1.152310729980468750e+03
1.157932067871093750e+03
1.158235778808593750e+03
1.161846923828125000e+03
1.163928588867187500e+03
1.165174255371093750e+03
1.168099365234375000e+03
1.171571166992187500e+03
1.173796264648437500e+03
1.175760620117187500e+03
1.178050048828125000e+03
1.181654724121093750e+03
1.182843505859375000e+03
1.185460998535156250e+03
1.189475036621093750e+03
1.194244201660156250e+03
1.195751403808593750e+03
1.200621704101562500e+03
1.204104736328125000e+03
1.200661499023437500e+03
1.208289428710937500e+03
1.208697021484375000e+03
1.211778869628906250e+03
1.216006164550781250e+03
1.214883972167968750e+03
1.222081542968750000e+03
1.225476623535156250e+03
1.224378845214843750e+03
1.227768371582031250e+03
1.228965759277343750e+03
1.234275329589843750e+03
1.235551330566406250e+03
1.237104309082031250e+03
1.240114624023437500e+03
1.243626281738281250e+03
1.245300354003906250e+03
1.248272827148437500e+03
1.252484252929687500e+03
1.259674011230468750e+03
1.258703247070312500e+03
1.260698974609375000e+03
1.265970336914062500e+03
1.265219482421875000e+03
1.269678527832031250e+03
1.273361694335937500e+03
1.274494873046875000e+03
1.277615966796875000e+03
1.284860229492187500e+03
1.286905822753906250e+03
1.287226684570312500e+03
1.293413696289062500e+03
1.299009704589843750e+03
1.302785156250000000e+03
1.307289062500000000e+03
1.316161010742187500e+03
1.314468627929687500e+03
1.323838745117187500e+03
1.324609313964843750e+03
1.331516723632812500e+03
1.335052978515625000e+03
1.339726989746093750e+03
1.344615295410156250e+03
1.349517639160156250e+03
1.354076049804687500e+03
1.359630249023437500e+03
1.364319458007812500e+03
1.369490112304687500e+03
1.380726440429687500e+03
1.386524902343750000e+03
1.388921813964843750e+03
1.395673767089843750e+03
1.396912109375000000e+03
1.402237304687500000e+03
1.406180236816406250e+03
1.412275024414062500e+03
1.426417724609375000e+03
1.424991577148437500e+03
1.430082336425781250e+03
1.440031250000000000e+03
1.437756225585937500e+03
1.446652404785156250e+03
1.451740783691406250e+03
1.453949279785156250e+03
1.462392700195312500e+03
1.465894104003906250e+03
1.471395996093750000e+03
1.478266845703125000e+03
1.484434936523437500e+03
1.489647949218750000e+03
1.500705810546875000e+03
1.499901062011718750e+03
1.507220153808593750e+03
1.513314086914062500e+03
1.519866394042968750e+03
1.528248657226562500e+03
1.528690551757812500e+03
1.538449218750000000e+03
1.546514282226562500e+03
1.549204895019531250e+03
1.555616455078125000e+03
1.562414550781250000e+03
1.569700134277343750e+03
1.577849792480468750e+03
1.583977783203125000e+03
1.591149169921875000e+03
1.598856872558593750e+03
1.606382690429687500e+03
1.613691589355468750e+03
1.620764648437500000e+03
1.630046447753906250e+03
1.635565856933593750e+03
1.645543334960937500e+03
1.654666381835937500e+03
1.660603149414062500e+03
1.669636352539062500e+03
1.676020385742187500e+03
1.685156982421875000e+03
1.690255004882812500e+03
1.700353881835937500e+03
1.706422973632812500e+03
1.716185546875000000e+03
1.722989746093750000e+03
1.733303771972656250e+03
1.747070251464843750e+03
1.752641174316406250e+03
1.759700927734375000e+03
1.764070190429687500e+03
1.774011779785156250e+03
1.781225952148437500e+03
1.791042541503906250e+03
1.798048156738281250e+03
1.807610229492187500e+03
1.817266296386718750e+03
1.825354431152343750e+03
1.835823974609375000e+03
1.843762756347656250e+03
1.851056823730468750e+03
1.861859863281250000e+03
1.869252929687500000e+03
1.878673889160156250e+03
1.888187500000000000e+03
1.895817749023437500e+03
1.907823913574218750e+03
1.914625854492187500e+03
1.926635742187500000e+03
1.934437011718750000e+03
1.944637145996093750e+03
1.954280517578125000e+03
