1.096010467529296875e+03
1.090295089721679688e+03
1.158229278564453125e+03
1.164243682861328125e+03
1.151237548828125000e+03
1.160591629028320312e+03
1.114433715820312500e+03
1.135932250976562500e+03
1.207397064208984375e+03
1.257397766113281250e+03
1.277603057861328125e+03
1.321108306884765625e+03
1.364073303222656250e+03
1.432302062988281250e+03
1.489574340820312500e+03
1.549894073486328125e+03
1.569306549072265625e+03
1.585992767333984375e+03
1.660168609619140625e+03
1.684004882812500000e+03
1.693050750732421875e+03
1.794462432861328125e+03
1.798018829345703125e+03
1.731069549560546875e+03
1.697757415771484375e+03
1.711020263671875000e+03
2.087337188720703125e+03
1.770751770019531250e+03
1.709864532470703125e+03
1.702511749267578125e+03
1.513484100341796875e+03
1.499298675537109375e+03
1.490984741210937500e+03
1.184007568359375000e+03
1.258571990966796875e+03
1.236546096801757812e+03
1.182039947509765625e+03
9.972740020751953125e+02
7.923397521972656250e+02
7.075006408691406250e+02
6.254178466796875000e+02
5.436303939819335938e+02
4.768167648315429688e+02
4.133646774291992188e+02
3.329503021240234375e+02
2.931583557128906250e+02
2.534434738159179688e+02
2.286327133178710938e+02
2.038551483154296875e+02
1.824287185668945312e+02
1.637472572326660156e+02
1.551199798583984375e+02
1.471973381042480469e+02
1.406016731262207031e+02
1.340457038879394531e+02
1.277940063476562500e+02
1.222361850738525391e+02
1.173534030914306641e+02
1.126527252197265625e+02
1.081463489532470703e+02
1.038453178405761719e+02
9.988027381896972656e+01
9.618003845214843750e+01
9.261799240112304688e+01
8.930662536621093750e+01
8.609776687622070312e+01
8.305540466308593750e+01
8.006871032714843750e+01
7.734062194824218750e+01
7.469785118103027344e+01
7.221986389160156250e+01
6.976999282836914062e+01
6.750493621826171875e+01
6.533608436584472656e+01
6.340015888214111328e+01
6.139138507843017578e+01
5.966691970825195312e+01
5.771158027648925781e+01
5.603446102142333984e+01
5.411043262481689453e+01
5.251446533203125000e+01
5.097278976440429688e+01
4.940245342254638672e+01
4.807401371002197266e+01
4.664590930938720703e+01
4.536425685882568359e+01
4.403267002105712891e+01
4.277225589752197266e+01
4.164394474029541016e+01
4.055182838439941406e+01
3.951800823211669922e+01
3.855012798309326172e+01
3.756574630737304688e+01
3.651260757446289062e+01
3.562912368774414062e+01
3.464071083068847656e+01
3.366309261322021484e+01
3.283765888214111328e+01
3.210685300827026367e+01
3.125506114959716797e+01
3.038281202316284180e+01
2.991942024230957031e+01
2.953645896911621094e+01
2.915848731994628906e+01
2.880824518203735352e+01
2.845963716506958008e+01
2.811946916580200195e+01
2.779360151290893555e+01
2.746883058547973633e+01
2.715257930755615234e+01
2.683600091934204102e+01
2.653273010253906250e+01
2.621999359130859375e+01
2.591366195678710938e+01
2.562191438674926758e+01
2.532451057434082031e+01
2.502906942367553711e+01
2.474660825729370117e+01
2.446385002136230469e+01
2.418054342269897461e+01
2.389660787582397461e+01
2.361935520172119141e+01
2.334212732315063477e+01
2.307459831237792969e+01
2.281203651428222656e+01
2.255374288558959961e+01
2.228405952453613281e+01
2.202182769775390625e+01
2.177574634552001953e+01
2.152047681808471680e+01
2.127600765228271484e+01
2.102591753005981445e+01
2.077361822128295898e+01
2.053013610839843750e+01
2.030742883682250977e+01
2.006521511077880859e+01
1.984442329406738281e+01
1.960295152664184570e+01
1.937454271316528320e+01
1.914955282211303711e+01
1.892418670654296875e+01
1.869725799560546875e+01
1.847686862945556641e+01
1.826920747756958008e+01
1.805172348022460938e+01
1.784236001968383789e+01
1.763394403457641602e+01
1.742434263229370117e+01
1.722542619705200195e+01
1.702179956436157227e+01
1.680354690551757812e+01
1.670207881927490234e+01
1.661053419113159180e+01
1.651948118209838867e+01
1.643111848831176758e+01
1.634235286712646484e+01
1.625499391555786133e+01
1.616610074043273926e+01
1.607758045196533203e+01
1.599030089378356934e+01
1.590379238128662109e+01
1.581845831871032715e+01
1.572903275489807129e+01
1.564494657516479492e+01
1.555919837951660156e+01
1.547345876693725586e+01
1.538895606994628906e+01
1.530527400970458984e+01
1.521966648101806641e+01
1.513552975654602051e+01
1.505085873603820801e+01
1.497186493873596191e+01
1.488468456268310547e+01
1.480205249786376953e+01
1.471715593338012695e+01
1.463503980636596680e+01
1.455004215240478516e+01
1.446714138984680176e+01
1.438644146919250488e+01
1.430281209945678711e+01
1.422116184234619141e+01
1.414030671119689941e+01
1.405755734443664551e+01
1.397560548782348633e+01
1.389559125900268555e+01
1.381439757347106934e+01
1.373711681365966797e+01
1.365414333343505859e+01
1.357688379287719727e+01
1.349625563621520996e+01
1.342252850532531738e+01
1.334101271629333496e+01
1.326465678215026855e+01
1.318612313270568848e+01
1.310841655731201172e+01
1.302864670753479004e+01
1.295495414733886719e+01
1.287428522109985352e+01
1.279553866386413574e+01
1.271948671340942383e+01
1.263432455062866211e+01
1.259856677055358887e+01
1.256603693962097168e+01
1.253207039833068848e+01
1.250077104568481445e+01
1.246786761283874512e+01
1.243528556823730469e+01
1.240389633178710938e+01
1.237038516998291016e+01
1.233775401115417480e+01
1.230631756782531738e+01
1.227306652069091797e+01
1.224188613891601562e+01
1.221006393432617188e+01
1.217816567420959473e+01
1.214376139640808105e+01
1.211114120483398438e+01
1.207991075515747070e+01
1.204638123512268066e+01
1.201396560668945312e+01
1.198179531097412109e+01
1.194875240325927734e+01
1.191795015335083008e+01
1.188459658622741699e+01
1.185173392295837402e+01
1.181805038452148438e+01
1.178649282455444336e+01
1.175281190872192383e+01
1.172130966186523438e+01
1.168668365478515625e+01
1.165386128425598145e+01
1.162067461013793945e+01
1.158780217170715332e+01
1.155484843254089355e+01
1.152227997779846191e+01
1.148790931701660156e+01
1.145637822151184082e+01
1.142243313789367676e+01
1.138992667198181152e+01
1.135663914680480957e+01
1.132469916343688965e+01
1.129121327400207520e+01
1.125850629806518555e+01
1.122530698776245117e+01
1.119337725639343262e+01
1.115914678573608398e+01
1.112786531448364258e+01
1.109413170814514160e+01
1.106087136268615723e+01
1.102726626396179199e+01
1.099029779434204102e+01
1.097756433486938477e+01
1.096505665779113770e+01
1.095403289794921875e+01
1.094190406799316406e+01
1.092950534820556641e+01
1.091762900352478027e+01
1.090596389770507812e+01
1.089359712600708008e+01
1.088312959671020508e+01
1.087000632286071777e+01
1.085833978652954102e+01
1.084591460227966309e+01
1.083409237861633301e+01
1.082184648513793945e+01
1.081025886535644531e+01
1.079808354377746582e+01
1.078534746170043945e+01
1.077307987213134766e+01
1.076078867912292480e+01
1.074822616577148438e+01
1.073602437973022461e+01
1.072353959083557129e+01
1.071157121658325195e+01
1.069816589355468750e+01
1.068613719940185547e+01
1.067351794242858887e+01
1.066141748428344727e+01
1.064865159988403320e+01
1.063574862480163574e+01
1.062285828590393066e+01
1.061066865921020508e+01
1.059819507598876953e+01
1.058437657356262207e+01
1.057197356224060059e+01
1.055947875976562500e+01
1.054676818847656250e+01
1.053400540351867676e+01
1.052080249786376953e+01
1.050773382186889648e+01
1.049500226974487305e+01
1.048127651214599609e+01
1.046861982345581055e+01
1.045493292808532715e+01
1.044153118133544922e+01
1.042836785316467285e+01
1.041503119468688965e+01
1.040195369720458984e+01
1.038813614845275879e+01
1.037414002418518066e+01
