1.609072498977184244e-03
1.609110757708549517e-03
1.545903496444225303e-03
1.483285799622535706e-03
1.471387147903442313e-03
1.405309177935123435e-03
1.378955747932195629e-03
1.365196257829666198e-03
1.357061304152011854e-03
1.346528828144073547e-03
1.310327202081680402e-03
1.302600763738155296e-03
1.376820728182792664e-03
1.328685469925403517e-03
1.336291916668415087e-03
1.290126182138919778e-03
1.303858868777751966e-03
1.271276157349347964e-03
1.276481505483388970e-03
1.279241889715194719e-03
1.252160351723432489e-03
1.292015314102172747e-03
1.276460457593202574e-03
1.203015893697738630e-03
1.276874337345361606e-03
1.244391184300184345e-03
1.167387869209051071e-03
1.218795627355575640e-03
1.156351976096630079e-03
1.119189765304327107e-03
1.126409750431776055e-03
1.088826991617679665e-03
1.058484967797994683e-03
1.008633002638816781e-03
1.004675142467021916e-03
9.954634495079517278e-04
9.568191505968570622e-04
9.022314101457595608e-04
8.455486409366130308e-04
8.066366054117679249e-04
7.836230657994747032e-04
7.310684025287627914e-04
6.827816460281610142e-04
6.106167379766702479e-04
5.643433611840009212e-04
5.309954751282930808e-04
4.966481868177652836e-04
4.656480625271797072e-04
4.252001456916332180e-04
4.027461167424917004e-04
3.753283713012933905e-04
3.654197417199611859e-04
3.531395271420478756e-04
3.448536712676286676e-04
3.346942551434039809e-04
3.258646093308925824e-04
3.185464907437562964e-04
3.091349918395280686e-04
3.030874347314238808e-04
2.948450250551104524e-04
2.899798704311251770e-04
2.826297283172607292e-04
2.758085867390036821e-04
2.706604124978184960e-04
2.646795706823468425e-04
2.595949592068791628e-04
2.542244782671332511e-04
2.495422167703509136e-04
2.444692654535174370e-04
2.416998473927378524e-04
2.361134113743901264e-04
2.316621644422412016e-04
2.264191629365086610e-04
2.220235997810959762e-04
2.191897295415401394e-04
2.147844573482870991e-04
2.107464428991079233e-04
2.069313544780016000e-04
2.041187928989529696e-04
2.004724880680441921e-04
1.971906563267111876e-04
1.937778480350971265e-04
1.912460522726178256e-04
1.880015246570110375e-04
1.850461820140481104e-04
1.827985420823097251e-04
1.799618359655141722e-04
1.770844217389822115e-04
1.741234911605715643e-04
1.717822859063744653e-04
1.693155011162161914e-04
1.665464416146278425e-04
1.641422184184193524e-04
1.619739504531025767e-04
1.596182235516607870e-04
1.577554340474307656e-04
1.553126308135688402e-04
1.536339893937110814e-04
1.515463646501302838e-04
1.492940145544707851e-04
1.476348424330353618e-04
1.460606302134692680e-04
1.448082667775452180e-04
1.437622378580272165e-04
1.426738663576543255e-04
1.417521946132183162e-04
1.407559239305555745e-04
1.397437835112214045e-04
1.389237982220947840e-04
1.379386102780699611e-04
1.370471552945673574e-04
1.360583631321787769e-04
1.352228596806526206e-04
1.343958685174584356e-04
1.336259604431688796e-04
1.326847169548273130e-04
1.319357356987893679e-04
1.309354091063141931e-04
1.300250017084181320e-04
1.292591542005538865e-04
1.283710636198520704e-04
1.275705965235829440e-04
1.268132170662283887e-04
1.258976478129625385e-04
1.252128952182829467e-04
1.246728701516985947e-04
1.236681290902197242e-04
1.229153480380773599e-04
1.221767626702785384e-04
1.215253886766731755e-04
1.207145419903099559e-04
1.199500821530818923e-04
1.190988696180284023e-04
1.183880236931145197e-04
1.175516797229647626e-04
1.168780052103102256e-04
1.161389378830790525e-04
1.154588162899017394e-04
1.146812690421938869e-04
1.139622554183006227e-04
1.133042713627219233e-04
1.126534002833068333e-04
1.119342469610273822e-04
1.112655014730989938e-04
1.105957897379994365e-04
1.099458034150302421e-04
1.093030837364494763e-04
1.086746761575341208e-04
1.079867873340845043e-04
1.073616696521639791e-04
1.066385325975716136e-04
1.063019968569278663e-04
1.059675635769963199e-04
1.056884508579969412e-04
1.053449045866727791e-04
1.050230348482728004e-04
1.047361502423882544e-04
1.044264645315706730e-04
1.041137007996439939e-04
1.037976937368512181e-04
1.034992001950740798e-04
1.031947485171258466e-04
1.028909324668347841e-04
1.025980128906667200e-04
1.022851560264825875e-04
1.020216499455273206e-04
1.016963040456175777e-04
1.014098362065851672e-04
1.011335244402289374e-04
1.008116709999740162e-04
1.005230192095041313e-04
1.002908637747168498e-04
9.997088462114333944e-05
9.967849357053637396e-05
9.935819311067462022e-05
9.910794207826256644e-05
9.879560908302664160e-05
9.851557202637194991e-05
9.822970256209373149e-05
9.793122066184878675e-05
9.764622431248427034e-05
9.738238528370856642e-05
9.706968208774923953e-05
9.680118178948759436e-05
9.653087938204407041e-05
9.622661164030433243e-05
9.595533367246389823e-05
9.568441193550824740e-05
9.540469618514179912e-05
9.514346951618791223e-05
9.486770955845714103e-05
9.457161650061607361e-05
9.430513717234134240e-05
9.404191514477134022e-05
9.376495145261288231e-05
9.349633008241653280e-05
9.324163664132357294e-05
9.297204669564962929e-05
9.267816320061683492e-05
9.241841034963726726e-05
9.210997959598898346e-05
9.195948252454399412e-05
9.182361653074621992e-05
9.168021148070693233e-05
9.156634332612157139e-05
9.142351336777210236e-05
9.128709090873599215e-05
9.114511543884872902e-05
9.101369651034473831e-05
9.087520651519298066e-05
9.074910311028361158e-05
9.060715325176716068e-05
9.048014180734753609e-05
9.035512106493114937e-05
9.022039361298084584e-05
9.007672546431422830e-05
8.995673153549432104e-05
8.981749881058930700e-05
8.968875743448734934e-05
8.955055847764014547e-05
8.942170767113566344e-05
8.929795119911432917e-05
8.916547521948814121e-05
8.903217501938343699e-05
8.890083525329828100e-05
8.877188665792345459e-05
8.865049807354807637e-05
8.850240847095847401e-05
8.837834699079394015e-05
8.824906079098582647e-05
8.811350679025054086e-05
8.798443479463458495e-05
8.784487377852201137e-05
8.771447697654366439e-05
8.758992422372102412e-05
8.746301056817174392e-05
8.732649730518460545e-05
8.719962323084474260e-05
8.706474443897604509e-05
8.693862240761517991e-05
8.680074708536267172e-05
8.667235495522618131e-05
8.654472650960088210e-05
8.642043219879269437e-05
8.628098526969552257e-05
8.615400874987245148e-05
8.603117195889353915e-05
8.590212557464838191e-05
8.575604995712637739e-05
8.563789771869777983e-05
8.547856239601969827e-05
8.541522314772010446e-05
8.534393506124615073e-05
8.527587633579968864e-05
8.521052310243248343e-05
8.514960762113333399e-05
8.508289232850074551e-05
8.501508273184299469e-05
8.495502872392535372e-05
8.488925872370601297e-05
8.482294389978051619e-05
8.475512731820344925e-05
8.469366235658526637e-05
8.462613215669988935e-05
8.455957751721143614e-05
8.449335116893052892e-05
8.443374419584869959e-05
8.436592062935233008e-05
8.429737295955420028e-05
8.423405233770608902e-05
8.416787022724747658e-05
8.410217706114053184e-05
8.403615560382604111e-05
8.397099794819951112e-05
8.390321629121899767e-05
8.383969310671090863e-05
8.377017220482230729e-05
8.370913565158843994e-05
8.364151231944560950e-05
8.358064107596874129e-05
8.351150900125503811e-05
8.344084024429321126e-05
8.337358012795448032e-05
8.330919314175844409e-05
8.324490394443273870e-05
8.318248670548200553e-05
8.311190176755190438e-05
8.304311661049722975e-05
8.298194501549005292e-05
8.291544625535607446e-05
8.284535259008407972e-05
8.277983404695987539e-05
8.271305356174707087e-05
8.265268523246050260e-05
8.258589077740907940e-05
8.251493796706200134e-05
8.244595024734734893e-05
8.238240145146846121e-05
8.231727872043848471e-05
8.224750636145471984e-05
