1.009007602930068970e+00
1.000489488244056702e+00
9.863840341567993164e-01
9.573765099048614502e-01
8.998775333166122437e-01
7.920175492763519287e-01
5.987886637449264526e-01
3.828704729676246643e-01
3.101883530616760254e-01
2.016823254525661469e-01
1.643676385283470154e-01
1.424057781696319580e-01
1.203738488256931305e-01
1.062627136707305908e-01
9.518035501241683960e-02
8.505253493785858154e-02
7.512607797980308533e-02
6.585707888007164001e-02
6.092189718037843704e-02
5.552256945520639420e-02
5.128035508096218109e-02
4.768856056034564972e-02
4.369642585515975952e-02
4.010646324604749680e-02
3.687863424420356750e-02
3.364264685660600662e-02
3.048630850389599800e-02
2.774013113230466843e-02
2.513297274708747864e-02
2.299490291625261307e-02
2.101185405626893044e-02
1.964047132059931755e-02
1.830097194761037827e-02
1.723472448065876961e-02
1.622577058151364326e-02
1.653676759451627731e-02
1.611240673810243607e-02
1.513201859779655933e-02
1.405715942382812500e-02
1.333871600218117237e-02
1.299804728478193283e-02
1.267633866518735886e-02
1.293039019219577312e-02
1.226245146244764328e-02
1.230186433531343937e-02
1.292592892423272133e-02
1.171431993134319782e-02
1.167157827876508236e-02
1.165740517899394035e-02
1.095305243507027626e-02
1.081184600479900837e-02
1.077152206562459469e-02
1.060542347840964794e-02
1.055160840041935444e-02
1.047132536768913269e-02
1.050702901557087898e-02
1.040486642159521580e-02
1.031693560071289539e-02
1.020965492352843285e-02
1.013895659707486629e-02
1.006850297562777996e-02
1.005816506221890450e-02
1.009583240374922752e-02
1.017462578602135181e-02
1.009598514065146446e-02
1.016577216796576977e-02
1.026245276443660259e-02
1.006927411071956158e-02
9.963771561160683632e-03
9.782826760783791542e-03
9.901842568069696426e-03
9.886829415336251259e-03
9.631973458454012871e-03
9.416071465238928795e-03
9.470304939895868301e-03
9.421527385711669922e-03
9.246780769899487495e-03
9.293589042499661446e-03
9.195811580866575241e-03
9.185466449707746506e-03
9.122804738581180573e-03
9.092565858736634254e-03
9.060788433998823166e-03
9.097352623939514160e-03
9.066400118172168732e-03
8.978562429547309875e-03
9.074839297682046890e-03
8.981940802186727524e-03
8.922072825953364372e-03
8.949439041316509247e-03
9.038489311933517456e-03
8.879847591742873192e-03
8.841539034619927406e-03
8.689321111887693405e-03
8.657057769596576691e-03
8.817896479740738869e-03
8.812521817162632942e-03
8.975794306024909019e-03
8.644187124446034431e-03
8.987128967419266701e-03
8.762862766161561012e-03
8.564533200114965439e-03
8.492197375744581223e-03
8.451437810435891151e-03
8.437237935140728951e-03
8.416339289397001266e-03
8.389692753553390503e-03
8.343312889337539673e-03
8.328914176672697067e-03
8.314787875860929489e-03
8.329782634973526001e-03
8.303037611767649651e-03
8.268415927886962891e-03
8.256705710664391518e-03
8.295705774798989296e-03
8.260058704763650894e-03
8.223312906920909882e-03
8.205797988921403885e-03
8.216783870011568069e-03
8.198245661333203316e-03
8.183666970580816269e-03
8.172511821612715721e-03
8.171667577698826790e-03
8.160253288224339485e-03
8.202354423701763153e-03
8.167576510459184647e-03
8.162415586411952972e-03
8.079498424194753170e-03
8.079685387201607227e-03
8.140614256262779236e-03
8.126738015562295914e-03
8.107093395665287971e-03
8.114746306091547012e-03
8.072321768850088120e-03
8.060154970735311508e-03
8.000963716767728329e-03
7.987262681126594543e-03
7.997633889317512512e-03
7.996272994205355644e-03
7.985634962096810341e-03
7.965457392856478691e-03
8.016133098863065243e-03
8.006267133168876171e-03
8.103392785415053368e-03
8.081742795184254646e-03
8.100371574983000755e-03
8.093251148238778114e-03
7.987716002389788628e-03
7.898521493189036846e-03
7.877112017013132572e-03
7.852596230804920197e-03
7.830266840755939484e-03
7.816276047378778458e-03
7.823155610822141171e-03
7.810302544385194778e-03
7.798849022947251797e-03
7.803878281265497208e-03
7.790596922859549522e-03
7.801508763805031776e-03
7.798305479809641838e-03
7.796828751452267170e-03
7.799340994097292423e-03
7.777867023833096027e-03
7.771188509650528431e-03
7.795985089614987373e-03
7.746835006400942802e-03
7.753309328109025955e-03
7.773900986649096012e-03
7.737367064692080021e-03
7.731013698503375053e-03
7.722571725025773048e-03
7.716945372521877289e-03
7.723370450548827648e-03
7.719657267443835735e-03
7.698255940340459347e-03
7.695314241573214531e-03
7.707932847552001476e-03
7.729974458925426006e-03
7.719491492025554180e-03
7.790884934365749359e-03
7.709309924393892288e-03
7.693983381614089012e-03
7.698555127717554569e-03
7.706968230195343494e-03
7.701994734816253185e-03
7.658080779947340488e-03
7.671388913877308369e-03
7.662342861294746399e-03
7.667824160307645798e-03
7.649324717931449413e-03
7.653907872736454010e-03
7.721160422079265118e-03
7.735689519904553890e-03
7.662167190574109554e-03
7.644825032912194729e-03
7.672904292121529579e-03
7.654448971152305603e-03
7.601552759297192097e-03
7.595897652208805084e-03
7.601742749102413654e-03
7.583250990137457848e-03
7.568500004708766937e-03
7.572014466859400272e-03
7.569548673927783966e-03
7.560154772363603115e-03
7.558248937129974365e-03
7.556179771199822426e-03
7.552536088041961193e-03
7.549359463155269623e-03
7.554390700533986092e-03
7.558785844594240189e-03
7.540910970419645309e-03
7.538846111856400967e-03
7.545510889030992985e-03
7.539578597061336040e-03
7.532656076364219189e-03
7.532753981649875641e-03
7.530443486757576466e-03
7.523737964220345020e-03
7.535353885032236576e-03
7.525403052568435669e-03
7.518575061112642288e-03
7.521195104345679283e-03
7.514861994422972202e-03
7.517964113503694534e-03
7.503546308726072311e-03
7.505408953875303268e-03
7.504276698455214500e-03
7.498215418308973312e-03
7.497875834815204144e-03
7.497517974115908146e-03
7.496901205740869045e-03
7.491706521250307560e-03
7.501033833250403404e-03
7.479444262571632862e-03
7.480144849978387356e-03
7.480863598175346851e-03
7.486393908038735390e-03
7.500165957026183605e-03
7.495477679185569286e-03
7.510731695219874382e-03
7.486115791834890842e-03
7.489419542253017426e-03
7.520213606767356396e-03
7.489818148314952850e-03
7.478562416508793831e-03
7.467453484423458576e-03
7.449380005709826946e-03
7.448715274222195148e-03
7.447916548699140549e-03
7.448003860190510750e-03
7.451915415003895760e-03
7.438456057570874691e-03
7.429480319842696190e-03
7.441764813847839832e-03
7.432549842633306980e-03
7.427214644849300385e-03
7.427137228660285473e-03
7.425938034430146217e-03
7.424576557241380215e-03
7.423667469993233681e-03
7.419373956508934498e-03
7.424689596518874168e-03
7.420791196636855602e-03
7.417767425067722797e-03
7.411587168462574482e-03
7.416726672090590000e-03
7.412192062474787235e-03
7.411821046844124794e-03
7.408244302496314049e-03
7.411490543745458126e-03
7.406666409224271774e-03
7.407698547467589378e-03
7.405075943097472191e-03
7.401016773656010628e-03
7.401812821626663208e-03
7.400940405204892159e-03
7.404370233416557312e-03
7.397331763058900833e-03
7.397455745376646519e-03
7.392142899334430695e-03
7.393942680209875107e-03
7.390284212306141853e-03
7.388602360151708126e-03
7.386271026916801929e-03
7.387549034319818020e-03
7.387100835330784321e-03
7.391885970719158649e-03
7.381295901723206043e-03
7.383833057247102261e-03
7.380469236522912979e-03
7.377596106380224228e-03
7.375699235126376152e-03
7.373475586064159870e-03
7.372890366241335869e-03
7.370735751464962959e-03
7.368812919594347477e-03
7.372232968918979168e-03
7.365426165051758289e-03
7.367697078734636307e-03
