1.013847023248672485e+00
9.954445958137512207e-01
9.862914830446243286e-01
9.582090973854064941e-01
9.093511104583740234e-01
8.586559444665908813e-01
7.948694378137588501e-01
7.482139170169830322e-01
7.273861765861511230e-01
7.160944938659667969e-01
7.019714415073394775e-01
6.980126500129699707e-01
6.976123750209808350e-01
6.864701956510543823e-01
6.737586855888366699e-01
6.673546582460403442e-01
6.584438681602478027e-01
6.627833545207977295e-01
6.652508825063705444e-01
6.536515951156616211e-01
6.433500349521636963e-01
6.364490240812301636e-01
6.287412047386169434e-01
6.586124151945114136e-01
6.585386693477630615e-01
6.416689455509185791e-01
6.222720146179199219e-01
6.103853434324264526e-01
5.934636890888214111e-01
5.742160379886627197e-01
5.637254118919372559e-01
5.433742105960845947e-01
5.532253086566925049e-01
5.476280152797698975e-01
5.505508333444595337e-01
5.342364907264709473e-01
5.049630850553512573e-01
4.969276338815689087e-01
4.899991154670715332e-01
4.679279029369354248e-01
4.510710462927818298e-01
4.455662891268730164e-01
4.396670088171958923e-01
4.281699061393737793e-01
4.032133817672729492e-01
3.826801553368568420e-01
3.738260865211486816e-01
3.704045489430427551e-01
3.900303319096565247e-01
3.985467329621315002e-01
3.433112800121307373e-01
3.239877820014953613e-01
3.073758035898208618e-01
2.995908036828041077e-01
3.031177669763565063e-01
2.986215278506278992e-01
2.932787239551544189e-01
2.844860889017581940e-01
2.796167545020580292e-01
2.853720113635063171e-01
2.709682621061801910e-01
2.574320845305919647e-01
2.736625634133815765e-01
3.108741641044616699e-01
2.845212295651435852e-01
2.644150219857692719e-01
2.599939368665218353e-01
2.409904114902019501e-01
2.341437190771102905e-01
2.185314893722534180e-01
2.148038893938064575e-01
2.047410309314727783e-01
2.006868831813335419e-01
1.950499564409255981e-01
2.004531733691692352e-01
1.881493590772151947e-01
1.829400621354579926e-01
1.866414844989776611e-01
1.757686398923397064e-01
1.689142026007175446e-01
1.818347051739692688e-01
1.588994115591049194e-01
1.639658585190773010e-01
1.698792502284049988e-01
1.731484122574329376e-01
1.491702236235141754e-01
1.604098156094551086e-01
1.595589555799961090e-01
1.702561601996421814e-01
1.675114072859287262e-01
1.650630459189414978e-01
1.601919718086719513e-01
1.645776554942131042e-01
1.601101309061050415e-01
1.625570468604564667e-01
1.609744317829608917e-01
1.470548287034034729e-01
1.400180496275424957e-01
1.533633321523666382e-01
1.404569298028945923e-01
1.322252750396728516e-01
1.300447769463062286e-01
1.271250545978546143e-01
1.233781017363071442e-01
1.211861986666917801e-01
1.199009623378515244e-01
1.181882414966821671e-01
1.193856187164783478e-01
1.171708405017852783e-01
1.167330238968133926e-01
1.147522684186697006e-01
1.135444324463605881e-01
1.123643461614847183e-01
1.118990257382392883e-01
1.107289828360080719e-01
1.100437529385089874e-01
1.092538405209779739e-01
1.083823088556528091e-01
1.077570710331201553e-01
1.072543002665042877e-01
1.073187142610549927e-01
1.059497334063053131e-01
1.052098255604505539e-01
1.053928378969430923e-01
1.044367607682943344e-01
1.070707868784666061e-01
1.035095825791358948e-01
1.075716223567724228e-01
1.032289117574691772e-01
1.019268445670604706e-01
1.053025517612695694e-01
1.043980233371257782e-01
1.067366469651460648e-01
1.011105794459581375e-01
1.079699974507093430e-01
1.012226063758134842e-01
1.062566153705120087e-01
1.031712535768747330e-01
1.030588243156671524e-01
1.021471321582794189e-01
1.005875337868928909e-01
1.000741068273782730e-01
9.695623628795146942e-02
1.013500057160854340e-01
1.036700569093227386e-01
1.014233008027076721e-01
1.019778214395046234e-01
1.064383499324321747e-01
1.078886259347200394e-01
1.032902933657169342e-01
9.796373173594474792e-02
9.678607620298862457e-02
9.507203102111816406e-02
9.341377206146717072e-02
9.267209470272064209e-02
9.222199767827987671e-02
9.198045171797275543e-02
9.169003926217556000e-02
9.117980860173702240e-02
9.087162464857101440e-02
9.057332947850227356e-02
9.026546776294708252e-02
9.002682380378246307e-02
8.978773467242717743e-02
8.950147032737731934e-02
8.931057713925838470e-02
8.909328654408454895e-02
8.881011046469211578e-02
8.852468430995941162e-02
8.832225203514099121e-02
8.807187341153621674e-02
8.795021474361419678e-02
8.764482103288173676e-02
8.745878189802169800e-02
8.721030689775943756e-02
8.707019686698913574e-02
8.676628023386001587e-02
8.654414676129817963e-02
8.638064004480838776e-02
8.619990386068820953e-02
8.595117926597595215e-02
8.579681441187858582e-02
8.557584881782531738e-02
8.534475043416023254e-02
8.511568233370780945e-02
8.493611961603164673e-02
8.476690389215946198e-02
8.466601558029651642e-02
8.456331863999366760e-02
8.433207683265209198e-02
8.427778072655200958e-02
8.412290737032890320e-02
8.380880393087863922e-02
8.356069400906562805e-02
8.346611447632312775e-02
8.317592181265354156e-02
8.305972628295421600e-02
8.294793404638767242e-02
8.260800316929817200e-02
8.251511491835117340e-02
8.242733590304851532e-02
8.222121931612491608e-02
8.196436241269111633e-02
8.179548569023609161e-02
8.168208599090576172e-02
8.161491714417934418e-02
8.149336092174053192e-02
8.141215145587921143e-02
8.132608793675899506e-02
8.122718520462512970e-02
8.111792430281639099e-02
8.111197501420974731e-02
8.102950826287269592e-02
8.090233244001865387e-02
8.079338818788528442e-02
8.069231919944286346e-02
8.058490417897701263e-02
8.048985712230205536e-02
8.039603754878044128e-02
8.032291196286678314e-02
8.022389374673366547e-02
8.015963807702064514e-02
8.005782961845397949e-02
7.997733168303966522e-02
7.987231202423572540e-02
7.980026863515377045e-02
7.970656268298625946e-02
7.961819320917129517e-02
7.954880222678184509e-02
7.947520166635513306e-02
7.938192784786224365e-02
7.928659208118915558e-02
7.918540388345718384e-02
7.910462655127048492e-02
7.902887091040611267e-02
7.894532755017280579e-02
7.886563427746295929e-02
7.878716103732585907e-02
7.871312834322452545e-02
7.863268069922924042e-02
7.854301668703556061e-02
7.845429889857769012e-02
7.837445661425590515e-02
7.830383256077766418e-02
7.823718897998332977e-02
7.815975509583950043e-02
7.803585194051265717e-02
7.796026021242141724e-02
7.785482332110404968e-02
7.778640463948249817e-02
7.766776718199253082e-02
7.760336250066757202e-02
7.756363600492477417e-02
7.751391269266605377e-02
7.747535035014152527e-02
7.743269950151443481e-02
7.738411426544189453e-02
7.735060527920722961e-02
7.730890996754169464e-02
7.727363146841526031e-02
7.722924090921878815e-02
7.720047421753406525e-02
7.714485935866832733e-02
7.710295170545578003e-02
7.705330662429332733e-02
7.701524347066879272e-02
7.697013020515441895e-02
7.692728377878665924e-02
7.687644660472869873e-02
7.683305442333221436e-02
7.679980248212814331e-02
7.676069997251033783e-02
7.672410458326339722e-02
7.669042795896530151e-02
7.662745192646980286e-02
7.658752612769603729e-02
7.653900794684886932e-02
7.649052888154983521e-02
7.645767740905284882e-02
7.642952352762222290e-02
7.637149468064308167e-02
7.633430138230323792e-02
7.628817111253738403e-02
7.624256052076816559e-02
7.620754279196262360e-02
7.616093009710311890e-02
7.612279616296291351e-02
7.608183659613132477e-02
7.605415396392345428e-02
7.600291445851325989e-02
7.594203762710094452e-02
7.589513063430786133e-02
7.585565187036991119e-02
7.580982707440853119e-02
7.577463984489440918e-02
7.573426142334938049e-02
7.569995149970054626e-02
7.564621604979038239e-02
7.560436055064201355e-02
7.556986436247825623e-02
7.550265081226825714e-02
7.547390088438987732e-02
7.545085065066814423e-02
7.542699761688709259e-02
7.540572248399257660e-02
7.538228668272495270e-02
7.535989210009574890e-02
7.533961720764636993e-02
7.531903684139251709e-02
7.529404200613498688e-02
7.527306675910949707e-02
7.525030896067619324e-02
7.523080147802829742e-02
7.520924694836139679e-02
7.518582418560981750e-02
7.516337744891643524e-02
7.514196075499057770e-02
7.512040436267852783e-02
7.509961910545825958e-02
7.507773302495479584e-02
7.505865208804607391e-02
7.503596507012844086e-02
7.500998303294181824e-02
7.499035261571407318e-02
7.496837340295314789e-02
7.494733855128288269e-02
7.492237538099288940e-02
7.490230165421962738e-02
7.488526776432991028e-02
7.486383430659770966e-02
7.484705373644828796e-02
7.482047192752361298e-02
7.479725778102874756e-02
7.477506063878536224e-02
7.475429400801658630e-02
7.473657093942165375e-02
7.471772283315658569e-02
7.469911873340606689e-02
7.466997392475605011e-02
7.464343868196010590e-02
7.462105341255664825e-02
7.459792681038379669e-02
7.457281835377216339e-02
7.455187849700450897e-02
7.453201711177825928e-02
7.451547496020793915e-02
7.449479773640632629e-02
7.447640784084796906e-02
7.444557547569274902e-02
7.442508265376091003e-02
7.439127005636692047e-02
7.437681965529918671e-02
7.436126098036766052e-02
7.435058243572711945e-02
7.433917373418807983e-02
7.432784698903560638e-02
7.431473024189472198e-02
7.430370151996612549e-02
7.429360225796699524e-02
7.428133301436901093e-02
7.426943257451057434e-02
7.425909861922264099e-02
7.424598000943660736e-02
7.423739135265350342e-02
7.422418519854545593e-02
7.421438209712505341e-02
7.420226559042930603e-02
7.419009692966938019e-02
7.417897507548332214e-02
7.416808046400547028e-02
7.415514066815376282e-02
7.414362765848636627e-02
7.413225620985031128e-02
7.412343099713325500e-02
7.411323301494121552e-02
7.409934513270854950e-02
7.408651523292064667e-02
7.407540827989578247e-02
7.406320422887802124e-02
7.405128143727779388e-02
7.404032908380031586e-02
7.402773387730121613e-02
7.401685602962970734e-02
7.400543428957462311e-02
7.399407587945461273e-02
7.398142293095588684e-02
7.396945171058177948e-02
7.395794056355953217e-02
7.394647225737571716e-02
7.393433153629302979e-02
7.392258569598197937e-02
7.390993647277355194e-02
7.389942929148674011e-02
7.388823851943016052e-02
7.387498579919338226e-02
7.386445440351963043e-02
7.385163009166717529e-02
7.383995130658149719e-02
7.382853329181671143e-02
7.381915673613548279e-02
7.380145043134689331e-02
7.379400916397571564e-02
7.378801330924034119e-02
7.378211431205272675e-02
7.377553544938564301e-02
7.376989163458347321e-02
7.376385293900966644e-02
7.375738956034183502e-02
7.375193201005458832e-02
7.374642230570316315e-02
7.373938336968421936e-02
7.373432628810405731e-02
7.372823171317577362e-02
7.372168451547622681e-02
7.371583953499794006e-02
7.370951771736145020e-02
7.370336726307868958e-02
7.369713485240936279e-02
7.369154877960681915e-02
7.368464767932891846e-02
7.367841713130474091e-02
7.367250509560108185e-02
7.366674393415451050e-02
7.366043329238891602e-02
7.365419901907444000e-02
7.364783249795436859e-02
7.364140823483467102e-02
7.363513298332691193e-02
7.362998090684413910e-02
7.362291589379310608e-02
7.361667044460773468e-02
7.360996492207050323e-02
7.360446453094482422e-02
7.359784096479415894e-02
7.359162159264087677e-02
7.358564808964729309e-02
7.357959821820259094e-02
7.357379049062728882e-02
7.356642559170722961e-02
7.356058247387409210e-02
7.355381734669208527e-02
7.354746758937835693e-02
7.354125566780567169e-02
7.353478670120239258e-02
7.352856919169425964e-02
7.352240569889545441e-02
7.351564802229404449e-02
7.350932434201240540e-02
7.350418716669082642e-02
7.349616661667823792e-02
7.348874211311340332e-02
7.348543033003807068e-02
7.348199747502803802e-02
7.347825169563293457e-02
7.347532361745834351e-02
7.347222417593002319e-02
7.346937246620655060e-02
7.346554659307003021e-02
7.346197776496410370e-02
7.345938496291637421e-02
7.345556654036045074e-02
7.345225848257541656e-02
7.344926334917545319e-02
7.344591245055198669e-02
7.344259135425090790e-02
7.343962229788303375e-02
7.343609444797039032e-02
7.343308068811893463e-02
7.342946156859397888e-02
7.342614792287349701e-02
7.342321053147315979e-02
7.341967336833477020e-02
7.341656647622585297e-02
7.341323792934417725e-02
7.340981811285018921e-02
7.340655848383903503e-02
7.340368069708347321e-02
7.340015657246112823e-02
7.339667901396751404e-02
7.339267246425151825e-02
7.339023612439632416e-02
7.338656298816204071e-02
7.338339649140834808e-02
7.337986677885055542e-02
7.337656244635581970e-02
7.337294332683086395e-02
7.336945831775665283e-02
7.336609996855258942e-02
7.336297817528247833e-02
7.335930503904819489e-02
7.335566356778144836e-02
7.335228472948074341e-02
7.334978878498077393e-02
7.334560528397560120e-02
7.334214635193347931e-02
7.333914935588836670e-02
7.333511859178543091e-02
7.333176955580711365e-02
7.332842051982879639e-02
7.332525961101055145e-02
