1.586053557693958317e-03
1.538301743566989829e-03
1.519172564148902997e-03
1.485665850341320090e-03
1.418758369982242541e-03
1.382436230778694240e-03
1.304108127951621957e-03
1.257814206182956670e-03
1.211592648178338961e-03
1.200597509741783151e-03
1.198546532541513478e-03
1.174625847488641652e-03
1.180255394428968499e-03
1.160702928900718715e-03
1.157380770891904736e-03
1.148077789694070721e-03
1.130746416747570012e-03
1.130977906286716487e-03
1.124105826020240732e-03
1.125297360122203905e-03
1.113059893250465358e-03
1.097390018403530173e-03
1.087838672101497546e-03
1.112609226256609015e-03
1.122479476034641188e-03
1.111013349145650864e-03
1.065175831317901689e-03
1.064647957682609593e-03
1.037274654954671799e-03
9.997178986668586037e-04
9.908011928200721134e-04
9.460158459842205308e-04
9.454503655433654568e-04
9.515965171158313578e-04
9.624483436346054424e-04
9.321621991693973888e-04
8.772835507988930095e-04
8.809974789619445497e-04
8.738058805465698633e-04
8.331066742539405649e-04
7.942099310457706842e-04
7.913510128855705738e-04
7.666880264878273010e-04
7.431884296238422394e-04
7.090607471764088154e-04
6.713831052184104876e-04
6.571500096470117135e-04
6.417555361986160365e-04
6.689242925494909200e-04
6.895947642624378118e-04
6.066344678401947455e-04
5.719480011612176808e-04
5.403778795152902213e-04
5.238901264965534123e-04
5.277192406356334426e-04
5.173302441835403399e-04
5.101964063942432143e-04
4.947297740727663474e-04
4.864377900958061001e-04
4.908587038516998464e-04
4.641503095626830838e-04
4.477490205317735455e-04
4.697585664689540711e-04
5.282699316740036184e-04
4.849916603416204604e-04
4.519147239625453862e-04
4.441396705806255579e-04
4.154766816645860694e-04
4.032678063958883372e-04
3.741498291492462223e-04
3.684474062174558770e-04
3.495079372078180118e-04
3.396146884188055949e-04
3.319558687508106449e-04
3.389856824651360338e-04
3.170181345194578214e-04
3.085515182465314713e-04
3.122135763987899043e-04
2.956094034016132290e-04
2.797485608607530420e-04
3.021863382309675087e-04
2.647760324180125973e-04
2.709757350385188883e-04
2.805370790883898909e-04
2.843036921694874894e-04
2.444053906947374149e-04
2.635337784886360082e-04
2.593231759965419899e-04
2.797703444957733111e-04
2.728464733809232560e-04
2.703661890700459350e-04
2.596759004518389702e-04
2.684315992519259323e-04
2.611438697203993537e-04
2.640506532043218439e-04
2.629686985164880666e-04
2.361713629215955799e-04
2.265240531414747292e-04
2.463845955207943981e-04
2.265282766893506137e-04
2.101410133764147824e-04
2.085781097412109451e-04
2.039885660633444721e-04
1.960896607488393903e-04
1.917716674506664363e-04
1.901978952810168245e-04
1.871206797659397017e-04
1.884155999869108124e-04
1.848244387656450369e-04
1.841378631070256179e-04
1.803693966940045433e-04
1.781896315515041384e-04
1.763006276451051354e-04
1.753988303244113900e-04
1.733218785375356783e-04
1.719263358972966649e-04
1.705385837703943285e-04
1.688829855993390138e-04
1.677965279668569511e-04
1.667864061892032699e-04
1.673006219789385687e-04
1.643222360871732246e-04
1.632449752651154897e-04
1.633789576590061253e-04
1.617971435189247001e-04
1.665171235799789375e-04
1.600404828786850008e-04
1.669786125421524167e-04
1.595656364224851001e-04
1.571676856838166594e-04
1.627560006454586874e-04
1.618539076298475244e-04
1.656812918372452216e-04
1.557220704853534590e-04
1.673144381493330089e-04
1.560840010643005490e-04
1.647290727123618083e-04
1.591778546571731687e-04
1.594666903838515217e-04
1.578909461386501681e-04
1.549915643408894430e-04
1.539743645116686788e-04
1.482189004309475324e-04
1.562583260238170678e-04
1.601294241845607790e-04
1.563286059536039829e-04
1.575558097101748098e-04
1.648597046732902614e-04
1.672042417339980602e-04
1.589138852432370056e-04
1.505068060941994320e-04
1.481952960602939020e-04
1.451853197067975890e-04
1.421456085518002488e-04
1.408332306891679753e-04
1.400908594951033668e-04
1.395750441588461399e-04
1.390444766730070071e-04
1.381464442238211545e-04
1.377288508228957729e-04
1.371109555475413680e-04
1.366457762196660074e-04
1.362640177831053734e-04
1.358373928815126495e-04
1.353386975824832981e-04
1.350574404932558623e-04
1.346406806260347247e-04
1.341977412812411861e-04
1.337228924967348467e-04
1.333641749806702180e-04
1.329766632989049055e-04
1.328079681843519222e-04
1.322895567864179492e-04
1.319435215555131403e-04
1.315459073521196831e-04
1.312960917130112746e-04
1.307706697843968868e-04
1.304160803556442369e-04
1.301343296654522289e-04
1.298569072969257929e-04
1.294448575936257958e-04
1.291797775775194266e-04
1.288388320244848609e-04
1.284399116411805088e-04
1.280198409222066467e-04
1.276892726309597492e-04
1.274392753839492841e-04
1.272975094616413149e-04
1.271548587828874501e-04
1.266510016284883098e-04
1.266290852800011700e-04
1.264437008649110924e-04
1.258326903916895476e-04
1.255260524339974013e-04
1.252319966442882917e-04
1.247543888166546865e-04
1.245770184323191578e-04
1.244063605554401875e-04
1.238573202863335642e-04
1.236779266037046964e-04
1.236137957312166604e-04
1.231676642782986088e-04
1.226903195492923336e-04
1.224518637172877789e-04
1.222411170601844733e-04
1.221512700431048783e-04
1.219266769476234973e-04
1.217872113920748293e-04
1.216426887549459923e-04
1.214668643660843421e-04
1.212752331048250139e-04
1.213064370676875098e-04
1.211662683635950029e-04
1.209427346475422442e-04
1.207776763476431332e-04
1.205660076811909670e-04
1.203786116093397168e-04
1.202363334596157063e-04
1.200521364808082581e-04
1.199463661760091717e-04
1.197677641175687324e-04
1.196862757205963167e-04
1.194866024889051887e-04
1.193716749548912054e-04
1.191810634918510957e-04
1.190504943951964335e-04
1.189129892736673409e-04
1.187329599633812888e-04
1.186152524314820777e-04
1.185065833851695115e-04
1.183325401507318052e-04
1.181570370681583849e-04
1.179963489994406749e-04
1.178626692853868002e-04
1.177243352867662869e-04
1.175838336348533565e-04
1.174356741830706607e-04
1.173044578172266478e-04
1.171757094562053740e-04
1.170472847297787688e-04
1.169050275348126932e-04
1.167620229534804837e-04
1.166188996285200086e-04
1.164900418370962105e-04
1.163679850287735468e-04
1.162643497809767761e-04
1.160309277474880170e-04
1.159095158800482788e-04
1.157200941815972372e-04
1.156148011796176385e-04
1.153994887135922974e-04
1.153041026555001681e-04
1.152301253750920285e-04
1.151471957564353948e-04
1.150859915651381032e-04
1.150189619511365874e-04
1.149338553659617955e-04
1.148700737394392539e-04
1.147878938354551792e-04
1.147426664829254150e-04
1.146615133620798615e-04
1.146181486546993283e-04
1.145113562233746117e-04
1.144478609785437600e-04
1.143487682566046650e-04
1.142989704385399878e-04
1.142330188304185905e-04
1.141488179564476019e-04
1.140645076520741024e-04
1.139875757507979810e-04
1.139230979606509165e-04
1.138647343032062048e-04
1.138077536597847976e-04
1.137544051744043854e-04
1.136425486765801972e-04
1.135750510729849349e-04
1.134869339875876866e-04
1.133995223790407159e-04
1.133358571678400013e-04
1.132883946411311654e-04
1.131881913170218506e-04
1.131363329477608150e-04
1.130537432618439208e-04
1.129769557155668773e-04
1.129189319908618916e-04
1.128459465689957196e-04
1.127846818417310758e-04
1.127058849669992983e-04
1.126559870317578381e-04
1.125628105364739954e-04
1.124640810303389999e-04
1.123831514269113589e-04
1.123162289150059288e-04
1.122389407828450241e-04
1.121746818535029948e-04
1.121139759197831121e-04
1.120596891269087819e-04
1.119565451517701176e-04
1.118912897072732432e-04
1.118313986808061627e-04
1.117021916434168837e-04
1.116645638830959851e-04
1.116318651475012351e-04
1.115854200907051520e-04
1.115512545220553853e-04
1.115121017210185566e-04
1.114714262075722228e-04
1.114335702732205342e-04
1.113999611698091036e-04
1.113583636470139092e-04
1.113241352140903516e-04
1.112861139699816639e-04
1.112504140473902258e-04
1.112151122651994272e-04
1.111759245395660449e-04
1.111330930143594742e-04
1.110969460569322109e-04
1.110624033026397261e-04
1.110292947851121431e-04
1.109853084199130578e-04
1.109599252231419086e-04
1.109196385368704731e-04
1.108694495633244455e-04
1.108356402255594757e-04
1.107984804548323100e-04
1.107598608359694438e-04
1.107191061601042753e-04
1.106835226528346506e-04
1.106517389416694587e-04
1.106188725680112844e-04
1.105904392898082749e-04
1.105438009835779689e-04
1.105080475099384812e-04
1.104665873572230350e-04
1.104389713145792528e-04
1.103904820047318957e-04
1.103722141124308082e-04
1.103242486715316724e-04
1.102791144512593752e-04
1.102357334457337845e-04
1.101992768235504578e-04
1.101639866828918392e-04
1.101158559322357178e-04
1.100797206163406345e-04
1.100482768379151821e-04
1.100126234814524640e-04
1.099790330044925159e-04
1.099575101397931516e-04
1.098976563662290633e-04
1.098607713356614075e-04
1.098062610253691646e-04
1.097843446768820248e-04
1.097519276663661009e-04
1.097371382638812027e-04
1.097159320488572180e-04
1.096973312087357071e-04
1.096751051954925039e-04
1.096539944410324113e-04
1.096408348530530902e-04
1.096184132620692253e-04
1.095965108834207042e-04
1.095784129574894932e-04
1.095542474649846494e-04
1.095435139723122114e-04
1.095178839750587897e-04
1.095035509206354580e-04
1.094786426983773714e-04
1.094589405693113820e-04
1.094424119219183960e-04
1.094243233092129263e-04
1.093987049534916845e-04
1.093763415701687331e-04
1.093593542464077418e-04
1.093446044251322746e-04
1.093260478228330585e-04
1.093017589300870852e-04
1.092791487462818612e-04
1.092601893469691282e-04
1.092387293465435548e-04
1.092186919413507033e-04
1.091990107670426352e-04
1.091762725263834043e-04
1.091592782177031105e-04
1.091414433903992160e-04
1.091188122518360571e-04
1.090994849801063473e-04
1.090764719992876064e-04
1.090563647449016614e-04
1.090364460833370621e-04
1.090166950598359140e-04
1.089958171360194618e-04
1.089728157967329009e-04
1.089538959786295853e-04
1.089345314539968967e-04
1.089139212854206519e-04
1.088952156715095076e-04
1.088741654530167536e-04
1.088523562066256995e-04
1.088316016830503903e-04
1.088196365162730282e-04
1.087861694395542096e-04
1.087744068354368253e-04
1.087632286362350009e-04
1.087510352954268488e-04
1.087411143817007607e-04
1.087315822951495707e-04
1.087209815159440035e-04
1.087114238180220149e-04
1.087013888172805250e-04
1.086914096958935234e-04
1.086789253167808040e-04
1.086715771816670884e-04
1.086597680114209706e-04
1.086472184397280216e-04
1.086397655308246591e-04
1.086276140995323631e-04
1.086164196021854812e-04
1.086058816872537185e-04
1.085952483117580365e-04
1.085845706984400733e-04
1.085739326663315274e-04
1.085617416538298141e-04
1.085524098016321632e-04
1.085409731604158862e-04
1.085295458324253505e-04
1.085189729928970342e-04
1.085093012079596574e-04
1.084976107813417917e-04
1.084899506531655740e-04
1.084767025895416769e-04
1.084640971384942532e-04
1.084546349011361566e-04
1.084459736011922300e-04
1.084329327568411881e-04
1.084223506040871170e-04
1.084119314327836064e-04
1.083996985107660234e-04
1.083918032236397266e-04
1.083785435184836361e-04
1.083676936104893711e-04
1.083558029495179664e-04
1.083455630578100736e-04
1.083337399177253235e-04
1.083232508972287194e-04
1.083133229985833152e-04
1.083024544641375542e-04
1.082903170026838769e-04
1.082790433429181603e-04
1.082687708549201526e-04
1.082561397925019302e-04
1.082444307394325684e-04
1.082375156693160594e-04
1.082313735969364692e-04
1.082254014909267420e-04
1.082206261344253990e-04
1.082148635759949657e-04
1.082093082368373876e-04
1.082023093476891528e-04
1.081968750804662656e-04
1.081924978643655755e-04
1.081861089915037128e-04
1.081804325804114304e-04
1.081752241589128944e-04
1.081688422709703478e-04
1.081629679538309514e-04
1.081588608212769075e-04
1.081522321328520748e-04
1.081467908807098849e-04
1.081404532305896331e-04
1.081342971883714242e-04
1.081293751485645782e-04
1.081236195750534475e-04
1.081181177869439190e-04
1.081127859652042400e-04
1.081066182814538511e-04
1.081008091568946844e-04
1.080939546227455139e-04
1.080886158160865323e-04
1.080829952843487246e-04
1.080759591422975112e-04
1.080716797150671520e-04
1.080654095858335549e-04
1.080597750842571286e-04
1.080533862113952658e-04
1.080475305207073656e-04
1.080421474762260892e-04
1.080362615175545264e-04
1.080296863801777298e-04
1.080237794667482322e-04
1.080180960707366472e-04
1.080118911340832661e-04
1.080050901509821453e-04
1.080018933862447684e-04
1.079949061386287272e-04
1.079874509014189260e-04
1.079826033674180508e-04
1.079752552323043352e-04
1.079693064093589815e-04
1.079636719077825552e-04
1.079578953795135032e-04
